image,predicted_lesion,MEL,NV,BCC,AKIEC,BKL,DF,VASC
ISIC_0024314.jpg,BKL,0.027144149,0.061966877,0.08766794,0.01654929,0.7878565,0.006897787,0.011917422
ISIC_0024320.jpg,NV,0.00026328617,0.982278,0.011670509,0.0017251109,0.0012421913,0.0013537852,0.0014671352
ISIC_0024344.jpg,BKL,0.1568864,0.093459874,0.0654153,0.0046828906,0.36738244,0.31051916,0.0016539006
ISIC_0024348.jpg,BKL,0.002129497,0.33994815,0.002409851,0.0019248108,0.6226018,0.030504916,0.0004809568
ISIC_0024349.jpg,MEL,0.4545089,0.44633117,0.0031193283,0.00095063983,0.063760884,0.00675505,0.0245741
ISIC_0024352.jpg,MEL,0.48693702,0.42675352,0.004930585,0.03219171,0.03844138,0.006213247,0.0045325123
ISIC_0024359.jpg,NV,0.013981958,0.9535917,0.003208039,0.0052252533,0.002588623,0.013888239,0.007516264
ISIC_0024363.jpg,MEL,0.80887747,0.15217347,0.0030177457,0.0043429146,0.02221059,0.0017674087,0.0076104198
ISIC_0024379.jpg,NV,0.2091635,0.5959932,0.007651857,0.027281223,0.12547506,0.0034800859,0.03095502
ISIC_0024380.jpg,NV,0.08430495,0.6816577,0.019066444,0.12431221,0.0862658,0.0020508398,0.0023420397
ISIC_0024391.jpg,NV,0.000845137,0.8712801,0.050703626,0.014430139,0.011029364,0.008519223,0.043192413
ISIC_0024415.jpg,NV,0.01923386,0.95050263,0.003978786,0.002114926,0.012312917,0.0045247516,0.007332093
ISIC_0024424.jpg,BCC,0.046054866,0.014514495,0.4308294,0.25488892,0.18705629,0.006870329,0.059785698
ISIC_0024437.jpg,VASC,0.027042724,0.14199448,0.0031789471,0.00089748617,0.03772051,0.0033231103,0.7858427
ISIC_0024441.jpg,NV,0.03839808,0.39738262,0.12611014,0.04092729,0.16973236,0.21959741,0.007852082
ISIC_0024460.jpg,NV,0.0121230725,0.7603718,0.0029663101,0.0023609172,0.18362004,0.0051301117,0.03342775
ISIC_0024466.jpg,BKL,0.009074455,0.10575874,0.009110484,0.020456059,0.66442704,0.19010518,0.0010679801
ISIC_0024491.jpg,NV,0.024596313,0.85303676,0.03035982,0.050770957,0.014183064,0.013001366,0.014051716
ISIC_0024492.jpg,NV,0.0068526827,0.905961,0.00044805717,0.0034817758,0.014852054,0.032465592,0.03593888
ISIC_0024503.jpg,NV,0.011323002,0.8899065,0.008276718,0.028282046,0.015155283,0.0065396815,0.0405168
ISIC_0024510.jpg,NV,0.03889299,0.91204584,0.0010156748,0.0054802885,0.011861941,0.028680572,0.0020227528
ISIC_0024514.jpg,BKL,0.32499143,0.29161295,0.0069322167,0.02656699,0.33574277,0.012910473,0.0012431324
ISIC_0024526.jpg,NV,0.015851665,0.9577504,0.0076762857,0.003228966,0.0064342488,0.0057313526,0.0033272097
ISIC_0024540.jpg,NV,0.41093603,0.42183152,0.0010719707,0.0032531456,0.15505366,0.0012003899,0.006653242
ISIC_0024576.jpg,NV,0.101568975,0.77160066,0.011210904,0.002623272,0.007164459,0.0049091075,0.10092265
ISIC_0024577.jpg,NV,0.16971163,0.7506993,0.009372526,0.0054157483,0.021860547,0.032796863,0.010143462
ISIC_0024589.jpg,NV,0.0013142613,0.9521005,0.01263829,0.008376829,0.004352169,0.013488848,0.0077290586
ISIC_0024594.jpg,NV,0.03337252,0.9196704,0.0030183212,0.00893787,0.02922218,0.004357925,0.0014208227
ISIC_0024597.jpg,BKL,0.016206669,0.22925767,0.0029578095,0.017071484,0.7091517,0.0009004337,0.024454216
ISIC_0024605.jpg,NV,0.053129252,0.79373384,0.007910002,0.019544508,0.115508184,0.007119766,0.003054396
ISIC_0024615.jpg,BKL,0.05052567,0.2579477,0.022598924,0.0067866,0.65649456,0.0018175599,0.0038289407
ISIC_0024616.jpg,NV,0.0006440699,0.9465162,0.014159153,0.0017216968,0.031487275,0.0031143941,0.0023572114
ISIC_0024618.jpg,BCC,0.15535893,0.14744413,0.498368,0.09420642,0.09345055,0.0005437623,0.010628276
ISIC_0024620.jpg,NV,0.051450692,0.78475803,0.0061201057,0.02442803,0.12698367,0.0019592333,0.0043002726
ISIC_0024642.jpg,MEL,0.5388997,0.41201645,0.0013047904,0.0039378153,0.026209846,0.00094969344,0.016681748
ISIC_0024657.jpg,NV,0.037150577,0.76132673,0.022001207,0.027349059,0.09655406,0.052184105,0.003434276
ISIC_0024661.jpg,NV,0.01181551,0.91201717,0.0010079711,0.0034286121,0.023945948,0.039125744,0.008659147
ISIC_0024664.jpg,VASC,0.11087729,0.07985055,0.008035196,0.0003920565,0.09116457,0.0033978934,0.70628256
ISIC_0024683.jpg,BKL,0.21584707,0.18252085,0.12115886,0.010247902,0.43667042,0.0030562317,0.030498734
ISIC_0024692.jpg,NV,0.00095683825,0.9962567,4.181845e-05,1.3677648e-05,0.00020417133,0.0017918029,0.00073501084
ISIC_0024697.jpg,NV,0.47271156,0.51189685,0.0015755222,0.0016008833,0.010224437,0.0007834351,0.001207333
ISIC_0024698.jpg,NV,0.2083367,0.7189143,0.00041557022,0.0059443894,0.06460622,0.00015553756,0.0016273117
ISIC_0024704.jpg,NV,0.07331782,0.58068776,0.07248777,0.1544224,0.029225014,0.006731324,0.08312785
ISIC_0024712.jpg,BKL,0.3485788,0.12958068,0.06508522,0.099572636,0.3495788,0.0008633072,0.006740566
ISIC_0024715.jpg,NV,0.031002752,0.9596881,0.00035909022,0.00094095053,0.0052503087,0.0011027533,0.0016559979
ISIC_0024725.jpg,NV,0.17545603,0.4656097,0.000421191,0.004140756,0.350442,0.002379667,0.0015506763
ISIC_0024734.jpg,NV,0.13964315,0.8360277,0.0053928783,0.0020532785,0.012668921,0.0018972633,0.0023168207
ISIC_0024746.jpg,NV,0.14305781,0.34455287,0.0073801614,0.003040784,0.20921743,0.025338015,0.26741287
ISIC_0024757.jpg,VASC,0.17095445,0.018787408,0.13540189,0.008844519,0.03908673,0.0003850373,0.62653995
ISIC_0024762.jpg,NV,0.34890813,0.36605433,0.092864074,0.0023727084,0.032323834,0.005116926,0.15236002
ISIC_0024780.jpg,NV,0.00031535304,0.99832326,0.00039592534,5.780414e-05,0.00013009703,0.0002902604,0.0004871765
ISIC_0024784.jpg,BCC,0.00097072567,0.3997515,0.58128566,0.00042790023,0.008396669,0.0016182394,0.007549331
ISIC_0024789.jpg,NV,0.09116789,0.7467782,0.043831747,0.0420893,0.032671202,0.031363167,0.012098493
ISIC_0024794.jpg,NV,0.007708123,0.93101716,0.022445722,0.011828193,0.011717598,0.004550578,0.0107327355
ISIC_0024801.jpg,NV,0.0035020886,0.978369,0.00061574776,0.0009295895,0.003010047,0.011023696,0.002549811
ISIC_0024807.jpg,NV,0.0038293516,0.9718289,0.002757905,0.0012050428,0.009040821,0.0053239837,0.0060140626
ISIC_0024816.jpg,NV,0.022600964,0.9589351,0.0006914213,0.0017440137,0.010797176,0.0040893187,0.0011419124
ISIC_0024818.jpg,MEL,0.47397524,0.17814556,0.003529006,0.010496087,0.17635961,0.018264143,0.13923036
ISIC_0024830.jpg,NV,0.057607297,0.45770726,0.033056553,0.010108706,0.3091932,0.07016319,0.06216386
ISIC_0024842.jpg,MEL,0.40395916,0.23316102,0.06749797,0.10440447,0.14442176,0.009378069,0.037177525
ISIC_0024847.jpg,NV,0.16425037,0.7083295,0.00444485,0.006426855,0.044638608,0.041551325,0.030358544
ISIC_0024855.jpg,MEL,0.48159254,0.45668843,0.0013059935,0.004510534,0.021275563,0.009039241,0.0255877
ISIC_0024857.jpg,BKL,0.15510862,0.09176209,0.00045927992,0.001307344,0.75006145,0.0006478269,0.000653481
ISIC_0024869.jpg,MEL,0.74763644,0.1370398,0.001878546,0.000773845,0.10660014,0.00060442777,0.0054668337
ISIC_0024906.jpg,VASC,0.0019812149,0.27195492,0.0046706228,6.0338967e-05,0.0016809666,0.002578379,0.71707356
ISIC_0024916.jpg,VASC,0.026902666,0.2933952,0.13334365,0.0015233714,0.07654698,0.000890466,0.46739763
ISIC_0024934.jpg,NV,0.41133237,0.43381453,0.00068207574,0.004667763,0.14281318,0.0008263576,0.0058637806
ISIC_0024938.jpg,BCC,0.10515579,0.2963956,0.49793357,0.0353748,0.00949541,0.041240633,0.014404228
ISIC_0024945.jpg,NV,0.37088284,0.56505644,0.004635064,0.007834079,0.012962364,0.00900395,0.029625326
ISIC_0024955.jpg,AKIEC,0.018174516,0.28180844,0.004608407,0.4357244,0.25725842,0.0011157102,0.001310086
ISIC_0024968.jpg,NV,0.2320178,0.6559869,0.005355987,0.0038299698,0.08003401,0.018669773,0.004105552
ISIC_0024969.jpg,NV,0.103210226,0.74325645,0.007755538,0.07206524,0.028472781,0.043408394,0.0018314725
ISIC_0024975.jpg,MEL,0.5314534,0.32174438,0.0063727857,0.058974158,0.06814454,0.011347228,0.0019635966
ISIC_0024977.jpg,NV,0.021586066,0.9585919,0.0017983825,0.00251495,0.010879868,0.0021933177,0.0024354726
ISIC_0024978.jpg,NV,0.00045951214,0.88528234,0.0649131,0.01031431,0.0033640305,0.0068431366,0.028823614
ISIC_0024995.jpg,MEL,0.49743643,0.45219523,0.00018182439,0.0016486709,0.027537555,0.010633385,0.010366971
ISIC_0024998.jpg,NV,0.025086261,0.74918735,0.024204684,0.17078091,0.027085364,0.00079091964,0.002864539
ISIC_0025001.jpg,VASC,0.057604935,0.40160552,0.09153038,0.0011827952,0.019009918,0.004238716,0.4248277
ISIC_0025009.jpg,NV,0.060438644,0.6016326,0.010273186,0.28210783,0.040080443,0.0044688713,0.0009984326
ISIC_0025039.jpg,NV,0.19617371,0.57935596,0.0009844585,0.013050984,0.16949843,0.01885705,0.022079341
ISIC_0025047.jpg,MEL,0.7329467,0.06204595,0.005937774,0.020610549,0.081355095,0.0019463131,0.095157556
ISIC_0025061.jpg,NV,0.12097446,0.30241615,0.08320008,0.17540725,0.23351826,0.07358995,0.010893908
ISIC_0025062.jpg,MEL,0.7546082,0.18307821,0.004357456,0.0042081554,0.046812356,0.0032558586,0.0036797642
ISIC_0025073.jpg,VASC,0.038566228,0.2142072,0.12251452,0.002253917,0.020859402,0.05480602,0.54679275
ISIC_0025082.jpg,NV,0.015349987,0.81424266,0.009394354,0.002752062,0.007720465,0.0066352817,0.14390512
ISIC_0025100.jpg,NV,0.1567791,0.5387168,0.055134136,0.012782628,0.18150489,0.0043813554,0.0507011
ISIC_0025101.jpg,NV,0.005356148,0.7480172,0.19238566,0.003346715,0.0025672822,0.010452702,0.037874427
ISIC_0025108.jpg,NV,0.18603525,0.75494283,0.008605953,0.0014679208,0.028907761,0.004223627,0.015816538
ISIC_0025115.jpg,NV,0.0029120136,0.9700721,0.0018048672,0.00017599,0.011404779,0.0018137086,0.011816623
ISIC_0025117.jpg,NV,0.074084334,0.7229533,0.06655961,0.0004432935,0.040690362,0.0012625849,0.09400653
ISIC_0025122.jpg,NV,0.028880624,0.8092653,0.0054405127,0.0016270299,0.1457446,0.0050614667,0.0039804857
ISIC_0025126.jpg,NV,0.0012344734,0.8500104,0.0039581624,0.000542488,0.09248154,0.0016210335,0.05015188
ISIC_0025141.jpg,NV,0.38438857,0.5065757,0.0040183915,0.0011480197,0.018669397,0.004349611,0.080850266
ISIC_0025148.jpg,NV,0.009639164,0.6645818,0.014076798,0.081182525,0.13739997,0.0715358,0.021583924
ISIC_0025152.jpg,NV,0.0005135743,0.71633255,0.0011850813,0.00022250292,0.0014521007,0.055769708,0.22452442
ISIC_0025156.jpg,NV,0.12676412,0.7009329,0.017521422,0.0012815716,0.14501125,0.002062128,0.006426658
ISIC_0025158.jpg,NV,0.07776137,0.9099111,0.001002141,0.006161031,0.0037580323,0.0011467923,0.00025952834
ISIC_0025172.jpg,NV,0.009563006,0.8736529,0.10972349,0.0020971016,0.002947333,0.00026547644,0.0017506315
ISIC_0025177.jpg,VASC,0.13824727,0.23719086,0.038957074,0.03648881,0.09606199,0.14847657,0.3045775
ISIC_0025193.jpg,NV,0.22645178,0.6048946,0.025798276,0.0043437234,0.117162496,0.00990879,0.011440347
ISIC_0025221.jpg,NV,0.017701339,0.9034354,0.0010111296,0.0011252214,0.036549453,0.035270996,0.004906405
ISIC_0025225.jpg,NV,0.12923169,0.84501827,0.0009034835,0.011680389,0.009804712,0.0031211933,0.00024019838
ISIC_0025231.jpg,NV,0.08525143,0.59878576,0.28314018,0.0057297233,0.010235989,0.007193207,0.009663736
ISIC_0025242.jpg,NV,0.04429153,0.91829515,0.010492427,0.0009184404,0.014392319,0.0010467195,0.010563461
ISIC_0025243.jpg,NV,0.22714883,0.50679463,0.0015587143,0.02263926,0.2293658,0.008822949,0.003669771
ISIC_0025261.jpg,VASC,0.026052287,0.05784219,0.0024275172,0.0048085754,0.09193042,0.002752748,0.8141862
ISIC_0025300.jpg,MEL,0.56420934,0.31605262,0.00029733343,0.0034332017,0.108914636,0.005656262,0.0014366475
ISIC_0025310.jpg,BKL,0.33569098,0.2971492,0.0013773986,0.0011375803,0.36202273,0.002189831,0.00043224212
ISIC_0025323.jpg,MEL,0.6042197,0.16799378,0.013851714,0.0020634043,0.09497585,0.03408746,0.08280812
ISIC_0025327.jpg,MEL,0.6451946,0.09725139,0.18895079,0.0075672623,0.054508403,0.0010884005,0.005439122
ISIC_0025365.jpg,NV,0.002916144,0.8622905,0.00172592,0.0011669521,0.03601231,0.0899533,0.005934806
ISIC_0025372.jpg,NV,0.017112635,0.71717036,0.1626548,0.035612017,0.04278833,0.02173004,0.0029319092
ISIC_0025396.jpg,MEL,0.61052597,0.2906324,0.005261457,0.012106184,0.080299765,0.00073017966,0.0004440133
ISIC_0025400.jpg,NV,0.19954972,0.741181,0.0016043469,0.018680494,0.03717204,0.0009507004,0.00086169515
ISIC_0025402.jpg,MEL,0.44664034,0.18719101,0.0039880113,0.0011848161,0.34776062,0.0007408453,0.012494274
ISIC_0025428.jpg,NV,0.029040148,0.45532468,0.084427424,0.0053906715,0.4016548,0.022490047,0.0016722343
ISIC_0025442.jpg,NV,0.38462442,0.5798019,0.0006346165,0.0008705526,0.029511256,0.001935712,0.0026215068
ISIC_0025446.jpg,BKL,0.073783256,0.33950177,0.0017234625,0.0018378306,0.5184519,0.008676953,0.056024775
ISIC_0025447.jpg,NV,0.14448592,0.78657675,0.004735273,0.009154332,0.020471828,0.015283104,0.019292707
ISIC_0025455.jpg,NV,0.0013513969,0.945305,0.0044052484,0.0006019038,0.018342735,0.028592667,0.0014011349
ISIC_0025458.jpg,NV,0.14501432,0.53346914,0.0119809685,0.00038551373,0.2765351,0.0032636009,0.029351452
ISIC_0025473.jpg,BKL,0.09558243,0.23661157,0.041230373,0.0008061337,0.59645826,0.009192699,0.020118572
ISIC_0025499.jpg,VASC,0.12077708,0.02648753,0.016082667,0.031946525,0.09298639,0.0027770062,0.7089428
ISIC_0025505.jpg,NV,0.02158303,0.3483854,0.3401524,0.27921477,0.006015442,0.0032768329,0.0013720903
ISIC_0025522.jpg,NV,0.0013624079,0.9832833,0.002635516,0.0014624759,0.0063611832,0.0044684783,0.00042667985
ISIC_0025528.jpg,NV,0.005322774,0.9861465,0.00050017977,0.00022009914,0.0036329888,0.0037066222,0.00047085376
ISIC_0025533.jpg,NV,0.16416617,0.70272475,0.00609429,0.011985934,0.09695039,0.0029671984,0.0151113495
ISIC_0025540.jpg,NV,0.14574565,0.776563,0.0018052073,0.0023739175,0.037599344,0.0061558764,0.029757047
ISIC_0025541.jpg,VASC,0.0014332894,0.058924712,0.0011435208,4.0408428e-05,0.0010834172,0.00021905947,0.9371556
ISIC_0025547.jpg,NV,0.084745795,0.59062845,0.01765149,0.13953207,0.13019137,0.016663725,0.020587107
ISIC_0025553.jpg,BCC,0.0052184896,0.012043173,0.90190303,0.004560612,0.0729317,0.0010959317,0.0022471398
ISIC_0025555.jpg,NV,0.3340123,0.4625425,0.011522937,0.008734971,0.15210545,0.019664785,0.011417015
ISIC_0025563.jpg,NV,0.0021955473,0.8544392,0.11432777,0.008105823,0.019754132,0.0005727061,0.00060492335
ISIC_0025568.jpg,NV,0.10118503,0.5556278,0.0010275268,0.0003263971,0.039161775,0.010620911,0.29205048
ISIC_0025582.jpg,NV,0.0070680967,0.98562384,0.00049234,0.0025513244,0.0018993169,0.00091738335,0.0014477186
ISIC_0025595.jpg,NV,0.005017533,0.97246784,0.00072719296,0.0022050727,0.0005413685,0.017988887,0.0010520685
ISIC_0025597.jpg,NV,0.016634708,0.9199157,0.02955615,0.013752995,0.017395383,0.0019077181,0.00083738985
ISIC_0025610.jpg,NV,0.033695824,0.5907636,0.042920146,0.0008782676,0.048939776,0.0012098117,0.28159258
ISIC_0025621.jpg,NV,0.10397982,0.76079065,0.022204854,0.011026903,0.08884451,0.008569689,0.0045836126
ISIC_0025631.jpg,MEL,0.55167353,0.26397654,0.008642643,0.008163943,0.1620603,0.0042332336,0.0012497767
ISIC_0025635.jpg,NV,0.094100274,0.73845875,0.02875305,0.0045263697,0.0032343261,0.010446414,0.120480865
ISIC_0025647.jpg,NV,0.2910455,0.47077417,0.012561793,0.00515469,0.040869642,0.008297549,0.17129661
ISIC_0025652.jpg,NV,0.30791384,0.5215153,0.0016267555,0.0018053845,0.15968317,0.0010295742,0.0064259437
ISIC_0025653.jpg,NV,0.38673234,0.51307184,0.0023862796,0.011050827,0.07861502,0.00481509,0.0033285029
ISIC_0025670.jpg,NV,0.16485667,0.79059154,0.01962025,0.0024049548,0.011769179,0.005630872,0.0051265615
ISIC_0025671.jpg,MEL,0.45676932,0.34299266,0.0006659093,0.00057826797,0.19371496,0.00014335505,0.0051355097
ISIC_0025678.jpg,NV,0.0050842413,0.9547789,0.001959973,0.003191284,0.009303685,0.0231972,0.0024846173
ISIC_0025683.jpg,BCC,0.015732752,0.24638821,0.71119624,0.0025840576,0.013581291,0.009052721,0.0014647155
ISIC_0025689.jpg,BKL,0.11041995,0.143081,0.0009359957,0.0005978932,0.7019952,0.00039822765,0.042571723
ISIC_0025702.jpg,NV,0.04879559,0.8993762,0.0074448036,0.002113873,0.017031096,0.011759103,0.013479364
ISIC_0025713.jpg,AKIEC,0.08972644,0.34582973,0.028365862,0.42932382,0.015690662,0.057280906,0.03378262
ISIC_0025715.jpg,NV,0.003852016,0.98617965,0.002434511,0.0014527171,0.0014918585,0.00076487206,0.0038244445
ISIC_0025721.jpg,NV,0.013244506,0.982851,0.00039379724,0.002025228,0.000402458,0.0007168353,0.00036610165
ISIC_0025722.jpg,BKL,0.2419266,0.21242544,0.07112988,0.027489241,0.26650754,0.11182343,0.06869788
ISIC_0025729.jpg,BKL,0.007464508,0.15633558,0.0012778686,0.0006424467,0.83232754,0.00056720106,0.0013848278
ISIC_0025745.jpg,NV,0.001340448,0.9517169,0.00030052196,0.00027037808,0.003839534,0.00089445565,0.041637756
ISIC_0025757.jpg,NV,0.12247678,0.85053015,0.0043316945,0.002734383,0.005153922,0.00081470003,0.01395836
ISIC_0025759.jpg,NV,0.07354078,0.793823,0.000646273,0.005395438,0.12528397,0.0008108364,0.00049970695
ISIC_0025763.jpg,NV,0.033567637,0.8333467,0.011698822,0.06851253,0.02248124,0.029728115,0.00066499104
ISIC_0025782.jpg,MEL,0.8064003,0.12351099,0.007209173,0.014766518,0.0347579,0.0117845265,0.0015705023
ISIC_0025809.jpg,MEL,0.59987813,0.2450595,0.0028859784,0.0032778059,0.14229682,0.0034140118,0.0031877707
ISIC_0025812.jpg,NV,0.18952557,0.47469786,0.08194213,0.0050766068,0.042711668,0.0032938323,0.20275235
ISIC_0025813.jpg,NV,0.05800028,0.68853366,0.0072087273,0.002901422,0.19511725,0.04129241,0.0069462582
ISIC_0025816.jpg,NV,0.025202572,0.7938249,0.0019820656,0.00092989014,0.018379962,0.007715565,0.15196505
ISIC_0025821.jpg,NV,0.053916927,0.90968645,0.011228806,0.009750337,0.0038718358,0.008439015,0.0031066267
ISIC_0025834.jpg,VASC,0.08633643,0.015371226,0.1619658,0.0003112188,0.07019704,0.00018031518,0.6656379
ISIC_0025836.jpg,DF,0.13013324,0.016117614,0.044546697,0.042129677,0.043285213,0.7226242,0.0011633835
ISIC_0025850.jpg,NV,0.1725301,0.7515536,0.018735666,0.0064712507,0.011317458,0.018181838,0.021210048
ISIC_0025859.jpg,NV,0.0010928417,0.99775344,8.854133e-05,0.00016525961,0.0005581753,8.480777e-05,0.0002569354
ISIC_0025860.jpg,NV,0.015343379,0.88636875,0.038018797,0.0008955588,0.02350442,0.009351061,0.026518097
ISIC_0025862.jpg,NV,0.01571272,0.87944275,0.016439546,0.03806446,0.008442304,0.039922606,0.0019755098
ISIC_0025871.jpg,NV,0.18650968,0.59609586,0.012322487,0.004636333,0.12682869,0.021551495,0.05205545
ISIC_0025881.jpg,NV,0.10233912,0.511487,0.1567124,0.036046498,0.17424627,0.015400592,0.0037681374
ISIC_0025892.jpg,MEL,0.44578964,0.224666,0.0013019032,0.035063185,0.29000998,0.0019520717,0.0012172109
ISIC_0025898.jpg,NV,0.10193542,0.8358341,0.011359388,0.0035191183,0.043072365,0.00026758882,0.00401211
ISIC_0025907.jpg,MEL,0.64905304,0.2568423,0.0038865374,0.0016303122,0.07238038,0.014360728,0.0018467164
ISIC_0025909.jpg,MEL,0.7058026,0.24430141,0.00081975595,0.0005232781,0.025115727,0.0006218124,0.022815414
ISIC_0025919.jpg,NV,0.035679206,0.8693757,0.0048051886,0.0036229321,0.040496655,0.006816146,0.039204147
ISIC_0025923.jpg,NV,0.026523637,0.7891701,0.002107305,0.001813699,0.005923657,0.0017633457,0.17269827
ISIC_0025956.jpg,MEL,0.788061,0.19132191,0.005442692,0.002706046,0.010000544,0.0017859921,0.00068180275
ISIC_0025959.jpg,VASC,0.35595298,0.22833014,0.0019756574,0.0007987471,0.016268592,0.004217288,0.39245662
ISIC_0025967.jpg,BKL,0.18695937,0.19587566,0.01785421,0.021579877,0.5741571,0.00054170896,0.0030320568
ISIC_0025968.jpg,NV,0.0012640775,0.9879752,0.0024494724,0.0052794414,0.0012221151,0.001308289,0.0005013391
ISIC_0025977.jpg,NV,0.022749947,0.9691574,0.0009943227,0.001326695,0.0038211895,0.00045383483,0.0014965114
ISIC_0025989.jpg,NV,0.22651675,0.6480051,0.0014439229,0.0011240696,0.12118776,0.001066734,0.000655637
ISIC_0025993.jpg,MEL,0.8523701,0.102373555,0.0023505755,0.00096983946,0.039823044,0.00068419805,0.0014287402
ISIC_0026008.jpg,NV,0.21267028,0.70782816,0.0040200786,0.0036671262,0.06606076,0.0018126819,0.0039409418
ISIC_0026023.jpg,BCC,0.0022788951,0.1117924,0.87607354,0.000392563,0.007340147,0.00090023124,0.0012222476
ISIC_0026024.jpg,NV,0.15780845,0.7855185,0.020473668,0.0013854082,0.014067557,0.00062309374,0.020123273
ISIC_0026034.jpg,BCC,0.0035955503,0.32601133,0.66024756,0.0033763107,0.005145697,0.0015553596,6.809125e-05
ISIC_0026043.jpg,NV,0.24476132,0.49188548,0.11398262,0.012701303,0.060824975,0.01594497,0.05989932
ISIC_0026053.jpg,MEL,0.44167528,0.13302693,0.019620476,0.10496496,0.20505384,0.09152595,0.004132632
ISIC_0026065.jpg,NV,0.007335646,0.9303535,0.014448229,0.0037106243,0.02054899,0.023012696,0.0005903507
ISIC_0026066.jpg,NV,0.0026373412,0.97511864,0.0041667675,0.0020996667,0.0039908793,0.008757348,0.0032293785
ISIC_0026123.jpg,NV,0.11696777,0.582238,0.15201578,0.008727524,0.13140772,0.008280926,0.00036225954
ISIC_0026126.jpg,MEL,0.4344129,0.4332716,0.0013818442,0.0014234799,0.113448136,0.009097066,0.006964955
ISIC_0026133.jpg,MEL,0.7264915,0.17217746,0.0022857538,0.007847096,0.09012539,0.0004892609,0.0005835945
ISIC_0026148.jpg,BKL,0.29527795,0.12874368,0.009487934,0.0014615178,0.5240735,0.023299094,0.017656367
ISIC_0026157.jpg,AKIEC,0.024991658,0.2451248,0.019501427,0.42594585,0.0039769644,0.2793837,0.0010757064
ISIC_0026165.jpg,NV,1.2478866e-05,0.93908274,0.0015385576,0.00016613165,4.0711634e-06,0.05744166,0.0017543462
ISIC_0026170.jpg,NV,0.081827685,0.8510803,0.00078638707,0.0022889916,0.009617528,0.00072866934,0.053670563
ISIC_0026175.jpg,NV,0.020794975,0.93933403,0.00087706395,0.00083636015,0.004273264,0.009842587,0.024041664
ISIC_0026179.jpg,NV,0.13025652,0.82094747,0.0023398383,0.03980144,0.0059428667,0.00020939988,0.00050241716
ISIC_0026182.jpg,NV,0.14486544,0.77654105,0.02783952,0.028794562,0.0027919826,0.0050387853,0.014128692
ISIC_0026186.jpg,NV,0.2723927,0.6413285,0.0071571707,0.004994061,0.06923663,0.0010662916,0.0038246291
ISIC_0026190.jpg,BKL,0.11703317,0.09478259,0.010200126,0.004796365,0.7645778,0.007894787,0.00071522314
ISIC_0026216.jpg,NV,0.07679147,0.77797425,0.08226125,0.0037418425,0.039647855,0.0012999927,0.018283337
ISIC_0026218.jpg,BKL,0.21848156,0.184713,0.066506945,0.035644904,0.38103178,0.07325704,0.04036472
ISIC_0026223.jpg,NV,0.41875046,0.44849715,0.09340875,0.00085929973,0.016948879,0.0105396155,0.0109958695
ISIC_0026237.jpg,NV,0.019699126,0.5769853,0.011383612,0.21853973,0.061738145,0.060743567,0.050910603
ISIC_0026242.jpg,NV,0.012502234,0.9173457,0.010262371,0.0031146826,0.008910675,0.039037753,0.0088265
ISIC_0026251.jpg,BCC,0.1350317,0.32326436,0.3742216,0.070986435,0.06415311,0.029065264,0.0032775842
ISIC_0026260.jpg,MEL,0.6577606,0.29153532,0.0065321373,0.00018093549,0.038685974,0.00047386953,0.004831132
ISIC_0026293.jpg,MEL,0.7397816,0.16614205,0.0042066206,0.006577144,0.081819974,0.00030247547,0.0011701228
ISIC_0026304.jpg,NV,0.014591703,0.95171326,0.0062422375,0.009617051,0.01297563,0.0034411682,0.001419038
ISIC_0026318.jpg,NV,0.2904517,0.6324659,0.014192446,0.0014651595,0.055060323,0.0029379707,0.0034264307
ISIC_0026326.jpg,BCC,0.001658928,0.0136694675,0.8696399,0.0796012,0.031040274,0.0036573352,0.00073288055
ISIC_0026333.jpg,NV,0.13783345,0.37234282,0.01577534,0.015995953,0.26925963,0.011529017,0.17726383
ISIC_0026341.jpg,NV,0.08423428,0.85457116,0.0076640234,0.0022126276,0.044118557,0.0017398444,0.005459489
ISIC_0026346.jpg,NV,0.10024496,0.5320737,0.019330107,0.0028678486,0.060968064,0.015100881,0.26941448
ISIC_0026358.jpg,NV,0.10480598,0.67596465,0.0035752612,0.012847174,0.19884993,0.0033589113,0.00059803674
ISIC_0026366.jpg,NV,0.016472464,0.9211801,0.009845295,0.0046960404,0.011635538,0.012227302,0.023943275
ISIC_0026367.jpg,NV,0.03318067,0.77507395,0.026507905,0.0076734954,0.14087597,0.013248625,0.0034393335
ISIC_0026376.jpg,MEL,0.690772,0.23390214,0.003566176,0.007751711,0.05948067,0.0020769862,0.002450408
ISIC_0026384.jpg,VASC,0.09012505,0.40284458,0.00815306,0.0014339146,0.03343164,0.029154664,0.43485704
ISIC_0026385.jpg,NV,0.06842031,0.8323512,0.010150368,0.007595321,0.050418172,0.02464547,0.0064190915
ISIC_0026396.jpg,NV,0.10476303,0.8718972,0.0017501363,0.0048334766,0.0065498985,0.00075237284,0.009453859
ISIC_0026401.jpg,NV,0.16307688,0.64391553,0.0010936018,0.0043852148,0.16995393,0.010715884,0.0068589495
ISIC_0026406.jpg,BKL,0.30886596,0.2695346,0.0041734446,0.0011099237,0.41222236,0.00082056696,0.0032731327
ISIC_0026440.jpg,BCC,0.009012714,0.26238495,0.5697045,0.0035735918,0.014189547,0.007400757,0.13373399
ISIC_0026445.jpg,NV,0.022470286,0.92582,0.0015441498,0.039132006,0.001846983,0.008890063,0.0002965029
ISIC_0026449.jpg,NV,0.08126786,0.69803643,0.0068323044,0.0025410713,0.13391818,0.006057246,0.07134697
ISIC_0026478.jpg,BKL,0.008228178,0.21612684,0.002642716,0.021158116,0.71050155,0.01044771,0.030894909
ISIC_0026488.jpg,MEL,0.5885611,0.10821401,0.15335663,0.012308413,0.1269741,0.0063872226,0.004198562
ISIC_0026494.jpg,NV,0.18917234,0.5329349,0.031450238,0.061862014,0.15042216,0.0022608705,0.031897515
ISIC_0026497.jpg,NV,0.3522397,0.51700467,0.036158115,0.0048588016,0.04741885,0.0077990373,0.034520794
ISIC_0026502.jpg,NV,0.15132745,0.45225745,0.004787396,0.0013139262,0.011833601,0.0031342467,0.37534595
ISIC_0026504.jpg,NV,0.0005650574,0.8757567,0.0036861238,0.004767765,0.00052407227,0.11395215,0.0007480978
ISIC_0026517.jpg,NV,0.029205939,0.8973416,0.008707466,0.013726597,0.030514421,0.001464779,0.019039169
ISIC_0026519.jpg,NV,0.21605472,0.6394179,0.0038398695,0.13226506,0.0060708732,0.0016664439,0.0006851563
ISIC_0026521.jpg,NV,0.019357372,0.9366465,0.00642521,0.0028822953,0.0111460695,0.01725573,0.0062868088
ISIC_0026535.jpg,NV,0.021417264,0.9443099,0.0009606187,0.0011249229,0.023146138,0.0023089063,0.006732209
ISIC_0026577.jpg,BKL,0.20163514,0.18148446,0.0240158,0.0057068705,0.5830923,0.0016499044,0.002415508
ISIC_0026602.jpg,NV,0.0038670632,0.9890321,0.0005365318,0.000537821,0.00080157793,0.0015417391,0.003683264
ISIC_0026603.jpg,NV,0.027227227,0.70003957,0.0035748521,0.007617301,0.05257126,0.028127588,0.1808422
ISIC_0026608.jpg,MEL,0.7782441,0.06960833,0.004638648,0.011703402,0.13068232,0.0016739751,0.0034492663
ISIC_0026633.jpg,BKL,0.24340901,0.22251257,0.025767753,0.0033786686,0.48872837,0.008565151,0.0076383688
ISIC_0026646.jpg,NV,0.0010293886,0.9342073,0.009355371,0.004653449,0.0052304966,0.044628307,0.0008956154
ISIC_0026657.jpg,VASC,0.02636224,0.3698943,0.014751325,0.0004285551,0.0025377034,0.0011117056,0.58491415
ISIC_0026659.jpg,NV,0.008983348,0.9443652,0.0007159404,0.00072883075,0.036110356,0.004888432,0.0042079296
ISIC_0026660.jpg,NV,0.026421057,0.5991802,0.0023248417,0.00017703061,0.012375364,0.0039748214,0.35554665
ISIC_0026671.jpg,BKL,0.06841188,0.02812335,0.00052786,0.0016562943,0.89990175,0.0008304214,0.00054838526
ISIC_0026674.jpg,NV,0.07400945,0.85001194,0.008769055,0.0055371043,0.052304827,0.0055097425,0.0038579262
ISIC_0026705.jpg,MEL,0.63232183,0.29198316,0.0033807908,0.010720728,0.038815305,0.02179006,0.0009880707
ISIC_0026722.jpg,BCC,0.025038766,0.008448327,0.90115017,0.01860518,0.03931486,0.006097967,0.001344635
ISIC_0026749.jpg,NV,0.015341482,0.85195917,0.0108154565,0.0029898277,0.11389523,0.0026238072,0.0023751212
ISIC_0026777.jpg,NV,0.2962454,0.6402023,0.02198174,0.00057451037,0.034124814,0.0027757566,0.00409553
ISIC_0026779.jpg,NV,0.01091773,0.810369,0.032187115,0.0120841395,0.034790497,0.040900353,0.058751088
ISIC_0026781.jpg,NV,0.45884296,0.508541,0.00077002955,0.0044105193,0.022368548,0.003031693,0.0020353037
ISIC_0026784.jpg,AKIEC,0.0045099105,0.002137002,0.014780801,0.97799164,0.00043300318,0.00013662316,1.094421e-05
ISIC_0026786.jpg,NV,0.027828703,0.76517296,0.061799068,0.025018664,0.0935214,0.0024046507,0.024254495
ISIC_0026788.jpg,NV,0.038213003,0.869011,0.0012428866,0.00014704042,0.00080830726,0.0011239441,0.089453906
ISIC_0026804.jpg,NV,0.026162561,0.67339796,0.025659608,0.10307731,0.008588469,0.15104717,0.012066915
ISIC_0026813.jpg,NV,0.0015431971,0.9877144,0.0020671794,0.00070150534,0.004013103,0.0020705839,0.001890146
ISIC_0026816.jpg,NV,0.08449795,0.7861392,0.021913676,0.0017241489,0.060721,0.023807533,0.021196518
ISIC_0026819.jpg,NV,0.09675124,0.8127343,0.002658615,0.0035768617,0.07098577,0.004030915,0.009262397
ISIC_0026830.jpg,NV,0.0029756152,0.68642634,0.0010740187,0.0020907805,0.0025053215,0.29209742,0.012830509
ISIC_0026834.jpg,NV,0.30852303,0.57983243,0.008488465,0.009353372,0.02545768,0.016544728,0.05180032
ISIC_0026836.jpg,NV,0.009290659,0.9300611,0.00093938736,0.015413729,0.034431107,0.008810958,0.0010530107
ISIC_0026839.jpg,MEL,0.68762803,0.25367308,0.0035981587,0.014670593,0.03172481,0.0011824091,0.0075229565
ISIC_0026858.jpg,NV,0.0047537023,0.98600554,0.00024044937,0.00032419412,0.005975865,0.0014942127,0.0012059876
ISIC_0026866.jpg,AKIEC,0.12593082,0.2682597,0.0024550713,0.4281169,0.16233382,0.008940555,0.003963094
ISIC_0026881.jpg,NV,0.0018860225,0.96119565,0.0012017139,0.0047752033,0.016360298,0.013464919,0.0011162359
ISIC_0026883.jpg,BCC,0.004168581,0.029493796,0.7554635,0.015894556,0.15589046,0.032274615,0.006814565
ISIC_0026885.jpg,MEL,0.60070074,0.2954575,0.00014520863,0.002309683,0.10102704,0.00013206765,0.0002277789
ISIC_0026887.jpg,NV,0.10104069,0.87924975,0.0040671662,0.0004024959,0.006163986,0.0013681708,0.0077077686
ISIC_0026889.jpg,NV,0.04322975,0.84780276,0.06151571,0.004653852,0.02232588,0.019412173,0.001059898
ISIC_0026911.jpg,NV,0.08839339,0.85090476,0.0068301503,0.0031421373,0.033286836,0.0026935588,0.014749213
ISIC_0026913.jpg,MEL,0.9508207,0.028352536,0.0008583217,0.00475436,0.01419554,0.000224469,0.00079407566
ISIC_0026918.jpg,NV,0.0014903031,0.9616731,0.014244426,0.008849269,0.0030885276,0.008021412,0.002632948
ISIC_0026934.jpg,NV,0.078885525,0.6489996,0.025975453,0.006116908,0.0052973134,0.0041118274,0.23061348
ISIC_0026935.jpg,NV,0.029973192,0.93479943,0.0066154045,0.004368312,0.004765379,0.016877666,0.002600639
ISIC_0026936.jpg,NV,0.007290828,0.9368013,0.0027725827,0.00017240256,0.044761986,0.0008755947,0.007325296
ISIC_0026939.jpg,NV,0.0010630481,0.9394403,0.018544279,0.004240762,0.03278079,0.0010011125,0.0029297373
ISIC_0026942.jpg,BKL,0.14941064,0.18862106,0.024502177,0.040171187,0.5372013,0.05773311,0.0023605668
ISIC_0026991.jpg,NV,0.018396936,0.97118145,0.0002887706,0.0024274464,0.0061337864,0.0009282375,0.0006434571
ISIC_0027000.jpg,NV,0.0049029877,0.91871303,0.008271592,0.0024392356,0.01758391,0.039865732,0.008223479
ISIC_0027024.jpg,MEL,0.64766115,0.09714074,0.0003514961,0.0028436428,0.24943088,0.00068879745,0.0018832524
ISIC_0027034.jpg,MEL,0.5527922,0.30439502,0.002272564,0.0035474037,0.13480926,0.0010461822,0.0011374215
ISIC_0027062.jpg,NV,0.19553067,0.5961138,0.09833258,0.0043338286,0.088730164,0.0154849775,0.0014740014
ISIC_0027072.jpg,NV,0.016458405,0.79026175,0.093101405,0.005695557,0.046998594,0.0016540459,0.04583019
ISIC_0027086.jpg,VASC,0.055711668,0.04013585,0.00022392959,0.00038297873,0.03913785,0.0007839911,0.8636237
ISIC_0027091.jpg,NV,0.09012339,0.7041052,0.008174652,0.05426471,0.11104134,0.031963594,0.00032706992
ISIC_0027103.jpg,MEL,0.5394764,0.39020345,0.0011285867,0.003022561,0.06493293,0.001066948,0.00016914913
ISIC_0027106.jpg,NV,0.015388939,0.8379516,0.045890592,0.011566109,0.040407788,0.040533014,0.00826196
ISIC_0027112.jpg,MEL,0.39384243,0.20912543,0.022790894,0.0031006937,0.18066153,0.006823091,0.183656
ISIC_0027113.jpg,NV,0.04613334,0.8493458,0.013043904,0.003444671,0.05963898,0.018555872,0.0098375045
ISIC_0027138.jpg,MEL,0.3948591,0.2772086,0.029636158,0.18922888,0.034573384,0.0031665037,0.07132741
ISIC_0027140.jpg,NV,0.0018007456,0.997618,2.5351206e-05,1.2437188e-05,0.00014525765,6.318523e-05,0.00033487045
ISIC_0027165.jpg,NV,0.051674645,0.9257696,0.0006781719,0.0007778447,0.014112498,0.0008865924,0.0061006118
ISIC_0027191.jpg,NV,0.05284371,0.7500659,0.0018705548,0.0018478287,0.045593526,0.122709304,0.02506916
ISIC_0027213.jpg,NV,0.010157554,0.5195463,0.10794294,0.13845953,0.13749105,0.08464068,0.0017619195
ISIC_0027214.jpg,NV,0.07773184,0.8732911,0.0055469484,0.0010695593,0.0042675035,0.0013632238,0.036729872
ISIC_0027215.jpg,NV,0.0018436812,0.99552673,0.00018749514,8.194487e-05,0.00076296384,0.00025244572,0.001344818
ISIC_0027235.jpg,MEL,0.47002396,0.282721,0.028660676,0.006596057,0.109849,0.0049304334,0.09721879
ISIC_0027236.jpg,NV,0.1044909,0.6713606,0.020934261,0.02303548,0.15944044,0.009588563,0.011149803
ISIC_0027244.jpg,BKL,0.33824986,0.09001912,0.0016782531,0.0028698002,0.54109335,0.012433439,0.013656186
ISIC_0027248.jpg,NV,0.10586543,0.74153405,0.005144101,0.10847783,0.03420886,0.0043678763,0.00040183135
ISIC_0027262.jpg,VASC,0.053655904,0.34384632,0.08401712,0.0367949,0.0079428265,0.0015753501,0.47216764
ISIC_0027265.jpg,NV,0.0725864,0.86096424,0.008619456,0.011804731,0.022071734,0.011928615,0.012024856
ISIC_0027266.jpg,AKIEC,0.016874846,0.39708835,0.0019228476,0.55070865,0.030080708,0.002830924,0.0004936492
ISIC_0027284.jpg,NV,0.22992846,0.6396805,0.008057186,0.022737455,0.045377035,0.0016830735,0.05253631
ISIC_0027305.jpg,NV,0.19612318,0.41113055,0.07526365,0.07643519,0.10328013,0.057327982,0.08043937
ISIC_0027307.jpg,NV,0.0075739697,0.93529755,0.016342496,0.020680146,0.016965585,0.001956256,0.001184003
ISIC_0027312.jpg,BKL,0.18263604,0.2234412,0.21467653,0.0048259418,0.35923326,0.0015215331,0.013665551
ISIC_0027319.jpg,NV,0.10377319,0.77305496,0.011244896,0.004508716,0.08421949,0.008324526,0.014874218
ISIC_0027321.jpg,NV,0.001544537,0.98375916,0.011393857,0.0006290851,0.0007623929,0.0010084305,0.0009025316
ISIC_0027322.jpg,NV,0.00028974467,0.9861725,0.0008482633,0.0014658488,0.0013114575,0.00828387,0.0016283636
ISIC_0027329.jpg,NV,0.00036077667,0.99891436,5.683576e-05,0.00012385052,1.7374758e-05,0.00018029341,0.0003465032
ISIC_0027330.jpg,NV,0.0017088839,0.94114375,0.049263004,0.0024708079,0.00079923624,0.0023803373,0.0022339248
ISIC_0027345.jpg,VASC,0.072475486,0.01557688,0.09795992,0.000734449,0.015435161,0.0011903351,0.79662776
ISIC_0027351.jpg,MEL,0.8894232,0.10458729,0.0004484513,0.0004787752,0.002481346,0.0015323816,0.0010485897
ISIC_0027382.jpg,NV,0.19637322,0.6660491,0.0045521054,0.04429357,0.075945534,0.009756854,0.0030296054
ISIC_0027399.jpg,NV,0.010977031,0.9743259,0.0006523133,0.005032423,0.0073544253,0.0011181108,0.00053982856
ISIC_0027403.jpg,NV,0.014466824,0.6439207,5.359659e-05,0.0002104833,0.073939756,0.23500203,0.032406595
ISIC_0027412.jpg,NV,0.013802373,0.97903126,0.00029559332,0.0017368072,0.002090472,0.0020848007,0.0009586283
ISIC_0027413.jpg,NV,0.0049657943,0.9869127,0.0009922982,0.0008454595,0.0010692569,0.0011194004,0.004095154
ISIC_0027418.jpg,MEL,0.61442184,0.07091818,0.060865466,0.023050928,0.15207514,0.07824925,0.0004192141
ISIC_0027444.jpg,NV,0.24424323,0.70382553,0.0073248656,0.0056146276,0.014874707,0.01317496,0.010942001
ISIC_0027459.jpg,NV,0.025851857,0.8359435,0.0023912387,0.0010932744,0.015269274,0.11843054,0.0010202794
ISIC_0027466.jpg,BKL,0.22997296,0.080853075,0.0014822781,0.0032190895,0.66972435,0.013740118,0.0010082115
ISIC_0027497.jpg,MEL,0.76176304,0.08036699,0.023660429,0.06255154,0.06910802,0.0013097591,0.001240181
ISIC_0027499.jpg,NV,0.0022471123,0.98917234,0.0017628127,0.00043808564,0.0010734599,0.005075291,0.00023084224
ISIC_0027501.jpg,NV,0.36760762,0.51293176,0.019245114,0.012705895,0.07902438,0.007276692,0.0012086311
ISIC_0027514.jpg,NV,0.3263359,0.5239705,0.0036922712,0.00742479,0.039056096,0.097039394,0.00248111
ISIC_0027523.jpg,NV,0.117200755,0.7758455,0.01162914,0.0043370463,0.048345495,0.034515146,0.0081268605
ISIC_0027530.jpg,NV,0.033743676,0.4514238,0.27165455,0.027691666,0.024259048,0.17405863,0.01716857
ISIC_0027537.jpg,MEL,0.44998825,0.41489425,0.03254267,0.008592026,0.07292856,0.016074598,0.0049796165
ISIC_0027548.jpg,NV,0.28207794,0.6384869,0.0017847265,0.0011506313,0.028554268,0.0008339332,0.04711152
ISIC_0027549.jpg,NV,0.14889428,0.48736963,0.0021824162,0.030109746,0.3280157,0.0023450106,0.0010831665
ISIC_0027569.jpg,BCC,0.07315306,0.21412261,0.6313329,0.008152837,0.047620486,0.0048647053,0.020753453
ISIC_0027574.jpg,NV,0.038075555,0.42309138,0.3708184,0.0013691358,0.1132004,0.009697643,0.043747485
ISIC_0027607.jpg,MEL,0.77533424,0.14206123,0.0023494975,0.0011898382,0.075088225,0.0012999842,0.0026770567
ISIC_0027614.jpg,NV,0.42501187,0.48466286,0.014778711,0.02053895,0.03998421,0.008498747,0.006524707
ISIC_0027618.jpg,NV,0.028706959,0.9560029,0.00022158943,0.002721868,0.008496798,0.0008014,0.0030485247
ISIC_0027627.jpg,BCC,0.16754591,0.27147046,0.50821966,0.007542471,0.03141447,0.0031854447,0.010621584
ISIC_0027637.jpg,NV,0.007600842,0.9697388,0.00042559367,0.0031576864,0.0020810452,0.0006655913,0.01633041
ISIC_0027640.jpg,BKL,0.38870803,0.1485398,0.009088465,0.049581885,0.39252585,0.006316814,0.0052391407
ISIC_0027642.jpg,NV,0.262737,0.6864277,0.014252056,0.0026160416,0.021739824,0.0013139427,0.010913431
ISIC_0027654.jpg,VASC,0.05120003,0.044182323,0.019843228,0.014381441,0.19439015,0.0033226532,0.67268014
ISIC_0027664.jpg,NV,0.0028516175,0.9933002,0.00015853149,0.00012832959,0.0009961294,0.001969364,0.00059580675
ISIC_0027679.jpg,NV,0.20541051,0.68244404,0.018057525,0.0037297898,0.026186375,0.0018388738,0.062332883
ISIC_0027684.jpg,MEL,0.9373912,0.03736922,0.0037468176,0.0021536085,0.015776346,0.00043084598,0.0031319985
ISIC_0027688.jpg,NV,0.074420854,0.42690703,0.016762184,0.17925379,0.28158364,0.00459895,0.01647356
ISIC_0027689.jpg,NV,0.30194697,0.3658289,0.077848345,0.17260991,0.061038267,0.019222055,0.0015055598
ISIC_0027692.jpg,NV,0.00725594,0.98285335,0.0024563319,0.0016840361,0.0009658689,0.0021109679,0.0026734828
ISIC_0027696.jpg,NV,0.016708076,0.82680655,0.018431928,0.004203696,0.01227501,0.116487704,0.005087064
ISIC_0027697.jpg,NV,0.13074331,0.5243112,0.06282015,0.0013001675,0.013605408,0.032838333,0.23438141
ISIC_0027711.jpg,MEL,0.49841675,0.3736437,0.00059261336,0.002023521,0.10081946,0.0026579078,0.021846062
ISIC_0027714.jpg,MEL,0.36063573,0.20262739,0.119096085,0.008241878,0.1325667,0.0058851256,0.17094706
ISIC_0027729.jpg,MEL,0.6767311,0.25565487,0.0009435303,0.0033212504,0.05698351,0.00066018174,0.0057055834
ISIC_0027734.jpg,BKL,0.020647552,0.3429324,0.07596098,0.0009240532,0.38462803,0.005602387,0.1693047
ISIC_0027756.jpg,BCC,0.011552528,0.21080793,0.75109816,0.0010393681,0.013059791,0.0016885273,0.010753685
ISIC_0027758.jpg,NV,0.050872996,0.865883,0.003420674,0.0058577647,0.05420971,0.013609791,0.0061459877
ISIC_0027783.jpg,MEL,0.5900538,0.24830207,0.0046243323,0.0075487304,0.14557065,0.0024375562,0.0014629004
ISIC_0027789.jpg,NV,0.06326119,0.91202044,0.00013764636,0.00076588837,0.021717573,0.0003116539,0.001785547
ISIC_0027800.jpg,MEL,0.6314773,0.3145252,0.01480039,0.0039267503,0.031075183,0.00033809032,0.003857188
ISIC_0027837.jpg,VASC,0.07596796,0.112651855,0.0012682333,0.0001930846,0.09743401,0.0025604216,0.70992446
ISIC_0027839.jpg,MEL,0.7403519,0.1440512,9.482257e-05,0.0020512552,0.111528166,0.00079476385,0.0011278305
ISIC_0027849.jpg,BKL,0.28850338,0.20719841,0.021814538,0.03599033,0.41919088,0.025407698,0.0018948113
ISIC_0027867.jpg,NV,0.0124040805,0.9638471,0.008063687,0.0056250035,0.00485578,0.0042071994,0.0009971061
ISIC_0027881.jpg,NV,0.012260815,0.8865449,0.0060166866,0.0010044973,0.011714758,0.07873857,0.0037198055
ISIC_0027890.jpg,NV,0.010070224,0.941862,0.008867289,0.0011317707,0.0035629277,0.0073372955,0.027168391
ISIC_0027938.jpg,NV,0.0075059813,0.978218,0.00044445353,0.00056864176,0.007321255,0.004239319,0.0017022387
ISIC_0027944.jpg,NV,0.00013491268,0.9864138,0.00037448952,7.389321e-05,0.0009774595,0.011133679,0.0008918362
ISIC_0027948.jpg,MEL,0.6967856,0.21158423,0.005683805,0.008504253,0.071319476,0.0018907342,0.004231897
ISIC_0027959.jpg,NV,0.24078333,0.6958609,0.001743522,0.0036662454,0.03100864,0.024241716,0.0026956208
ISIC_0027965.jpg,NV,0.12525295,0.8499765,0.002504737,0.005237,0.009998766,0.002854742,0.004175406
ISIC_0027968.jpg,NV,0.03235357,0.8924872,0.001718943,0.0039273235,0.0022865534,0.061836287,0.005390045
ISIC_0027987.jpg,NV,0.0716688,0.39245185,0.052453965,0.13126945,0.012044839,0.29520115,0.044909887
ISIC_0027992.jpg,NV,0.011705865,0.9305379,0.024082938,0.00722343,0.00615845,0.01747431,0.0028171598
ISIC_0027999.jpg,NV,0.061171405,0.879806,0.0027095913,0.002630843,0.017735649,0.006043817,0.029902656
ISIC_0028010.jpg,NV,0.35083655,0.45635316,0.09380736,0.0035722274,0.06545669,0.008382136,0.02159189
ISIC_0028011.jpg,NV,0.01043052,0.9366105,0.024141638,0.0053742817,0.0025216837,0.01863456,0.0022867592
ISIC_0028014.jpg,VASC,0.040264923,0.021395408,0.014084647,0.006291213,0.16974084,0.00090444554,0.74731845
ISIC_0028015.jpg,NV,0.21281043,0.48227924,0.012290808,0.01539167,0.22787619,0.031879082,0.017472606
ISIC_0028028.jpg,NV,0.012899476,0.69419616,0.11962813,0.10930654,0.02072914,0.03739725,0.0058433795
ISIC_0028036.jpg,BCC,0.004317114,0.3870685,0.46364045,0.0016028953,0.08360744,0.037717775,0.022045853
ISIC_0028067.jpg,MEL,0.6029158,0.11381577,0.18276674,0.012770165,0.062447496,0.012202149,0.013081822
ISIC_0028071.jpg,NV,0.06032242,0.9252735,0.0024089757,0.0006523026,0.00203081,0.004408,0.004903973
ISIC_0028091.jpg,NV,0.051779676,0.8383268,0.0069000646,0.095324755,0.0041250214,0.0021366088,0.0014070795
ISIC_0028110.jpg,NV,0.099298544,0.7281631,0.04777879,0.015811207,0.060703672,0.006626321,0.041618366
ISIC_0028119.jpg,NV,0.03795693,0.9423274,0.000226317,0.0007663197,0.00968397,0.0024217418,0.006617347
ISIC_0028128.jpg,BKL,0.150625,0.07245975,0.26457116,0.18207824,0.31866804,0.011138773,0.00045901694
ISIC_0028131.jpg,NV,0.09801083,0.50420064,0.03279071,0.17543867,0.17737547,0.010418536,0.0017651872
ISIC_0028133.jpg,NV,0.038298454,0.8718746,0.0027483483,0.018280474,0.062370736,0.0032947955,0.0031324911
ISIC_0028135.jpg,NV,0.12246806,0.6154953,0.03464935,0.11061768,0.043100312,0.009085966,0.06458322
ISIC_0028141.jpg,MEL,0.62567663,0.30290204,0.008386575,0.04880357,0.0025424322,0.0012904094,0.010398311
ISIC_0028145.jpg,NV,0.26483417,0.6718835,0.014034511,0.0016985752,0.031752612,0.00066705985,0.015129541
ISIC_0028164.jpg,NV,0.028845236,0.96386415,0.00011608836,0.00036126588,0.0043014926,0.0016156017,0.0008961827
ISIC_0028166.jpg,BCC,0.08547661,0.048337698,0.5696031,0.014135279,0.26311728,0.007569042,0.011761006
ISIC_0028195.jpg,NV,0.081783585,0.557504,0.0052758274,0.001455843,0.19174823,0.013438466,0.14879401
ISIC_0028226.jpg,NV,0.1325888,0.70084405,0.0022353863,0.0023683745,0.014890286,0.003283011,0.14379004
ISIC_0028230.jpg,NV,0.33995926,0.577996,0.0006513571,0.001402144,0.07673311,0.0012710455,0.001987009
ISIC_0028235.jpg,BKL,0.053218856,0.2929228,0.0026259643,0.01019257,0.61740786,0.019707788,0.0039241724
ISIC_0028240.jpg,NV,0.012158774,0.97202355,0.00032486022,0.0012736041,0.0080299275,0.0021752056,0.0040140697
ISIC_0028247.jpg,BCC,0.043182887,0.19565076,0.527889,0.0005763236,0.0054674638,0.0008984255,0.22633511
ISIC_0028255.jpg,NV,0.406784,0.4106271,0.07953191,0.024059528,0.040194817,0.0024749308,0.03632776
ISIC_0028271.jpg,NV,0.065329604,0.9104585,0.0005233334,0.00038465575,0.018499644,0.0043072584,0.00049701496
ISIC_0028272.jpg,VASC,0.16874178,0.03319202,0.17076053,0.0010268755,0.011134009,0.02023576,0.5949091
ISIC_0028273.jpg,NV,0.030884039,0.86563665,0.0034193324,0.016009312,0.012259847,0.064470895,0.007319966
ISIC_0028281.jpg,BKL,0.14371721,0.13806546,0.15501495,0.034860708,0.28401312,0.07039537,0.17393316
ISIC_0028287.jpg,VASC,0.3166064,0.14526355,0.04837014,0.01263935,0.0241362,0.0070629236,0.44592142
ISIC_0028296.jpg,NV,0.040465236,0.9490098,0.00054095255,0.003445254,0.004424857,0.0008981664,0.0012158641
ISIC_0028302.jpg,NV,0.023302976,0.93113416,0.00642382,0.011438932,0.0041000643,0.016401306,0.0071987775
ISIC_0028305.jpg,MEL,0.5094506,0.41286996,0.025748122,0.010155844,0.02362257,0.009834807,0.0083180955
ISIC_0028310.jpg,BCC,0.023943383,0.38191012,0.5169917,0.018622842,0.011060792,0.0027121734,0.04475895
ISIC_0028332.jpg,MEL,0.49252453,0.063255094,0.035576165,0.003514435,0.39239097,0.009462977,0.0032758056
ISIC_0028338.jpg,NV,0.019948384,0.43780133,0.013477268,0.017493475,0.18339773,0.13965648,0.18822539
ISIC_0028358.jpg,NV,0.01264558,0.82609093,0.020685522,0.013090298,0.00999992,0.11200334,0.0054844623
ISIC_0028367.jpg,VASC,0.075712554,0.35584742,0.00019478727,0.00037346676,0.00548082,0.002718188,0.55967283
ISIC_0028368.jpg,NV,0.3378595,0.5352697,0.029328426,0.0031698043,0.06019401,0.011799368,0.022379225
ISIC_0028380.jpg,NV,0.28031254,0.4656476,0.0031106086,0.024983613,0.12979008,0.030655975,0.06549965
ISIC_0028384.jpg,BKL,0.009621154,0.011991163,0.006201912,0.000835285,0.9647827,0.005822324,0.00074547395
ISIC_0028385.jpg,NV,0.01752121,0.76067686,0.007127201,0.0004540318,0.048753608,0.15584421,0.009622902
ISIC_0028399.jpg,NV,0.008447236,0.6793983,0.038742896,0.0032642882,0.06479713,0.010894444,0.19445579
ISIC_0028401.jpg,MEL,0.71380967,0.26080975,0.0032308951,0.0023360332,0.017466595,0.00054279907,0.0018041859
ISIC_0028420.jpg,BKL,0.23877762,0.07012518,0.00084506616,0.0033760474,0.6854741,0.0011495936,0.00025239904
ISIC_0028423.jpg,NV,0.06522085,0.9014225,0.008845599,0.0014387068,0.005018133,0.003658235,0.014396037
ISIC_0028426.jpg,DF,0.0266597,0.26719505,0.09171984,0.010903432,0.13958435,0.45597997,0.007957633
ISIC_0028436.jpg,NV,0.37132928,0.592086,0.0077647152,0.001320648,0.009205275,0.0030623954,0.015231726
ISIC_0028438.jpg,MEL,0.26199487,0.21626323,0.019389179,0.0062626754,0.18980418,0.22549747,0.0807884
ISIC_0028456.jpg,NV,0.0018121076,0.9589126,0.0016575018,0.00014379394,0.0038828757,0.019860927,0.01373019
ISIC_0028461.jpg,MEL,0.6042936,0.2024541,0.01392706,0.021324977,0.010395973,0.14476363,0.0028407054
ISIC_0028472.jpg,MEL,0.6725765,0.23388097,0.0011336313,0.012075117,0.07337478,0.00606445,0.0008945623
ISIC_0028475.jpg,NV,0.005328571,0.9766604,0.0014894626,0.00061942363,0.009641962,0.0007265759,0.005533764
ISIC_0028477.jpg,VASC,0.017760264,0.43103704,0.02400103,0.00023602307,0.0030640354,0.0010875528,0.52281404
ISIC_0028485.jpg,NV,0.011406741,0.83795947,0.015074777,0.032107737,0.0025865857,0.032232363,0.068632275
ISIC_0028498.jpg,MEL,0.7864024,0.015565148,0.0011963054,0.022595683,0.17373206,0.00023198624,0.00027645772
ISIC_0028504.jpg,NV,0.17083545,0.54602283,0.017360808,0.21435107,0.017894765,0.010324258,0.023210771
ISIC_0028528.jpg,MEL,0.77927,0.08652657,0.00040712795,0.0011872859,0.13090198,0.000643251,0.0010637911
ISIC_0028562.jpg,VASC,0.018063206,0.15057199,0.2081,0.008939327,0.09512987,0.077595174,0.4416004
ISIC_0028578.jpg,BKL,0.122692786,0.10951912,0.3382311,0.0025513414,0.3850319,0.018805929,0.023167862
ISIC_0028585.jpg,VASC,0.014407873,0.0033656843,0.009629357,0.0020221788,0.008370387,0.00014031176,0.9620642
ISIC_0028590.jpg,NV,0.0017365932,0.9611768,0.00021366857,0.00133776,0.0035687108,0.027959624,0.004006861
ISIC_0028591.jpg,MEL,0.85073346,0.005856908,0.019374333,0.01049293,0.11277768,0.00010025035,0.00066440547
ISIC_0028594.jpg,NV,0.18025208,0.3239097,0.009036637,0.011525743,0.2522949,0.014583232,0.20839769
ISIC_0028595.jpg,NV,0.008114526,0.98102665,0.0004367707,0.0014709381,0.007492785,0.0009783405,0.00047994131
ISIC_0028599.jpg,MEL,0.6561809,0.02859992,0.047824435,0.012504023,0.25298613,0.0014282654,0.00047634734
ISIC_0028608.jpg,BCC,0.0019003141,0.013240598,0.9610443,0.0068084607,0.0138755245,0.0029661844,0.00016449504
ISIC_0028621.jpg,NV,0.014548232,0.479545,0.1756849,0.0025136257,0.29717103,0.015299906,0.01523734
ISIC_0028633.jpg,VASC,0.09418206,0.24642554,0.022146411,0.12373129,0.09763771,0.086785115,0.3290919
ISIC_0028635.jpg,NV,0.028370393,0.6411269,0.0011717662,0.012829013,0.15960707,0.050727084,0.1061678
ISIC_0028639.jpg,NV,0.02126719,0.8537095,0.005261842,0.00245559,0.10884537,0.0027040152,0.0057564448
ISIC_0028643.jpg,BKL,0.21994594,0.20535763,0.0006353954,0.021068761,0.54894817,0.0029413246,0.0011027158
ISIC_0028654.jpg,NV,0.0012006005,0.93306583,0.010502619,0.013672507,0.029495988,0.0052581923,0.0068042683
ISIC_0028668.jpg,NV,0.016704401,0.49103004,0.0630584,0.004109946,0.24644169,0.049812235,0.12884331
ISIC_0028672.jpg,NV,0.09234291,0.8402095,0.006785813,0.013966207,0.002275049,0.028078005,0.016342456
ISIC_0028673.jpg,NV,0.011288625,0.9066687,0.006688417,0.050428208,0.009869033,0.013999309,0.0010576155
ISIC_0028678.jpg,MEL,0.66646695,0.29415745,0.0011217862,0.0014390715,0.0066049355,0.0008184165,0.029391445
ISIC_0028686.jpg,MEL,0.4908341,0.48596925,0.00185089,0.0002949445,0.018180585,0.0003134011,0.002556831
ISIC_0028698.jpg,NV,0.044654377,0.6870847,0.16131642,0.030319724,0.06080014,0.006049033,0.009775617
ISIC_0028705.jpg,NV,0.13859788,0.48371857,0.008864644,0.009321246,0.11507452,0.23557743,0.008845722
ISIC_0028720.jpg,NV,0.0017039186,0.9932105,0.0020971382,0.00016705028,0.0008201101,0.0017827663,0.00021854286
ISIC_0028741.jpg,NV,0.15083234,0.8334625,8.777146e-05,0.0022347854,0.0058164084,0.0003334374,0.007232799
ISIC_0028755.jpg,BKL,0.0073115276,0.0336297,0.00068549305,0.00097654434,0.9454519,0.0118186725,0.00012627868
ISIC_0028756.jpg,NV,0.13320333,0.8262105,0.0026421014,0.0002898644,0.019380786,0.0024133103,0.015860023
ISIC_0028759.jpg,DF,0.2167106,0.16059648,0.03987557,0.010317804,0.16021554,0.37484863,0.037435386
ISIC_0028761.jpg,NV,0.018567419,0.91967523,0.0012225006,0.0072001293,0.051451337,0.00016269597,0.001720735
ISIC_0028766.jpg,BKL,0.1571466,0.1829448,0.007550227,0.0219597,0.5078416,0.118496366,0.004060645
ISIC_0028780.jpg,NV,0.07250859,0.8096253,0.0019091318,0.0033798132,0.08816467,0.012107495,0.012305017
ISIC_0028798.jpg,NV,0.052276388,0.9237842,0.004096368,0.0035586227,0.008929789,0.0065370183,0.0008176718
ISIC_0028800.jpg,NV,0.10806295,0.63102144,0.009456196,0.003984124,0.015285151,0.082880296,0.14930981
ISIC_0028803.jpg,NV,0.04383365,0.7348683,0.04055258,0.0002247691,0.0848439,0.0010918087,0.094585046
ISIC_0028805.jpg,NV,0.0011167385,0.98618394,0.0006171481,0.0011451984,0.00049627374,0.008021389,0.0024192333
ISIC_0028810.jpg,MEL,0.836483,0.041101675,0.0010857099,0.00018345054,0.11633391,0.0034202172,0.0013920391
ISIC_0028821.jpg,NV,0.0049081254,0.39363086,0.2119087,0.020471247,0.025721546,0.25683266,0.08652686
ISIC_0028823.jpg,VASC,0.0055931634,0.19006528,0.012845502,0.00017924454,0.06293531,0.0033573932,0.7250241
ISIC_0028829.jpg,NV,0.14548495,0.8457069,0.001465029,0.0013918836,0.004538823,0.0005527082,0.00085978454
ISIC_0028831.jpg,MEL,0.7213182,0.24327618,0.0005892802,0.00067555765,0.019448988,0.0025020451,0.012189832
ISIC_0028834.jpg,MEL,0.39159167,0.30733424,0.013034777,0.025454095,0.25426015,0.0024602334,0.0058648544
ISIC_0028837.jpg,NV,0.007957666,0.9647964,0.0028660588,0.0026366771,0.005440113,0.008212725,0.008090303
ISIC_0028849.jpg,NV,0.049158636,0.64380795,0.19064981,0.004412804,0.050006624,0.0008452371,0.06111893
ISIC_0028851.jpg,NV,0.30154553,0.6526576,0.0023467836,0.012677987,0.016256828,0.0028149495,0.011700352
ISIC_0028882.jpg,AKIEC,0.09538518,0.34007215,0.00505628,0.540011,0.010709862,0.0078198705,0.0009456519
ISIC_0028891.jpg,MEL,0.59808946,0.03760048,0.006183986,0.00475097,0.33476683,0.016633036,0.0019751932
ISIC_0028903.jpg,MEL,0.6723076,0.23708971,0.004853627,0.030761505,0.03501237,0.0045330958,0.015442038
ISIC_0028905.jpg,NV,0.15755238,0.70054466,0.070194036,0.03745159,0.02072704,0.011309522,0.0022207089
ISIC_0028909.jpg,NV,0.011137508,0.9464141,0.01054905,0.005983883,0.012857319,0.010830206,0.0022278666
ISIC_0028914.jpg,NV,0.008064766,0.83022577,0.004229566,0.018711084,0.13104026,0.005529449,0.002199105
ISIC_0028918.jpg,NV,0.26452893,0.69558465,0.008202644,0.0035640905,0.006984782,0.0024844848,0.01865054
ISIC_0028923.jpg,MEL,0.66931003,0.2986767,0.0019295642,0.015920963,0.010808262,0.0005343647,0.0028200792
ISIC_0028938.jpg,BKL,0.41065475,0.06927906,0.0043959506,0.009917515,0.4862151,0.01818751,0.001350092
ISIC_0028947.jpg,NV,0.053983413,0.9024171,0.0133502595,0.0041135615,0.008013037,0.012267969,0.005854652
ISIC_0028975.jpg,NV,0.029166255,0.7888839,0.007893407,0.0010362095,0.0021513996,0.0043346947,0.16653411
ISIC_0028981.jpg,MEL,0.39687112,0.2938085,0.011045361,0.012214277,0.2760797,0.0018669609,0.008114014
ISIC_0028988.jpg,VASC,0.062125016,0.22998355,0.008669923,0.00020693392,0.026135895,0.0020344353,0.6708443
ISIC_0029001.jpg,BKL,0.011752977,0.08306052,0.07208377,0.0042096833,0.8071747,0.004516514,0.017201953
ISIC_0029007.jpg,NV,0.010759086,0.8564213,0.00043648353,0.00050879596,0.07537605,0.05519818,0.0013001175
ISIC_0029023.jpg,NV,0.005308813,0.9229519,0.006512966,0.002206602,0.03668435,0.0236588,0.002676657
ISIC_0029027.jpg,MEL,0.49124455,0.2901629,0.0071056825,0.0052947327,0.14820328,0.0019339522,0.056054916
ISIC_0029030.jpg,NV,0.22369373,0.68251354,0.052412186,0.0009867408,0.02684237,0.013301288,0.00025020982
ISIC_0029045.jpg,BKL,0.19421822,0.36765245,0.0017999404,0.00060944294,0.4099649,0.005925133,0.019829953
ISIC_0029055.jpg,NV,0.2302692,0.6044463,0.012098763,0.00036357797,0.029798703,0.0027100393,0.1203135
ISIC_0029072.jpg,NV,0.0061696786,0.7953349,0.024891855,0.03841624,0.008816094,0.015552807,0.110818446
ISIC_0029112.jpg,NV,0.003978967,0.92991346,0.051690172,0.003301651,0.005742686,0.0002129338,0.005160023
ISIC_0029120.jpg,NV,0.084403716,0.7866665,0.009672445,0.028503777,0.06066304,0.021671493,0.008418943
ISIC_0029131.jpg,NV,0.009424939,0.8593118,0.0132666575,0.009201647,0.043988775,0.008674012,0.056132156
ISIC_0029143.jpg,MEL,0.58260286,0.2798432,0.024145922,0.0054461486,0.043354984,0.049003124,0.015603848
ISIC_0029152.jpg,MEL,0.6247855,0.33694166,0.0004299564,0.010065723,0.021327429,0.0043795365,0.0020702328
ISIC_0029155.jpg,NV,0.044875614,0.86039114,0.0017875292,0.015199817,0.06307459,0.00062615954,0.014045178
ISIC_0029160.jpg,NV,0.24751997,0.5246308,0.07208844,0.043819536,0.09098055,0.005297689,0.015662955
ISIC_0029164.jpg,NV,0.01610895,0.9217706,0.025491161,0.002475412,0.019068612,0.004184872,0.0109004285
ISIC_0029169.jpg,NV,0.03715356,0.8796667,0.0016103332,0.0071878987,0.06900135,0.00082708424,0.004553082
ISIC_0029171.jpg,NV,0.15648477,0.78523654,0.00083759514,0.007334431,0.043007698,0.0021700622,0.0049289595
ISIC_0029180.jpg,NV,0.0008208288,0.99597114,0.000108201675,0.0004125035,0.0016145684,0.00032966826,0.00074311026
ISIC_0029182.jpg,NV,0.023999767,0.5160393,0.0037434115,0.01147424,0.31543812,0.07290048,0.056404702
ISIC_0029183.jpg,BKL,0.2586484,0.29451564,0.0016129258,0.02267838,0.41965163,0.0014609676,0.0014320419
ISIC_0029187.jpg,NV,0.09521394,0.57584894,0.009185021,0.00023217157,0.011243388,0.00067241973,0.3076041
ISIC_0029188.jpg,MEL,0.49149668,0.3225965,0.011640978,0.022878539,0.13861991,0.0028886104,0.00987879
ISIC_0029191.jpg,NV,0.018634146,0.6242629,0.0008949366,0.0011021895,0.35286096,0.00027573336,0.0019691149
ISIC_0029197.jpg,NV,0.04928775,0.92912376,0.0033490392,0.006390005,0.010070597,0.00048192075,0.0012968935
ISIC_0029214.jpg,NV,0.18324637,0.38644955,0.015669327,0.0043596956,0.08908129,0.22637667,0.09481715
ISIC_0029223.jpg,DF,0.011282936,0.060479656,0.011267881,0.0035904264,0.112933464,0.695217,0.10522856
ISIC_0029229.jpg,NV,0.00029300863,0.9811828,0.0031527306,0.001480397,0.009231962,0.0039275354,0.0007314766
ISIC_0029254.jpg,DF,0.04657296,0.11912022,0.073052235,0.0064594643,0.26764658,0.33669528,0.15045328
ISIC_0029280.jpg,NV,0.38906384,0.51437545,0.033489402,0.029476615,0.01826656,0.003868258,0.011459875
ISIC_0029284.jpg,NV,0.0010543773,0.97818863,0.001770314,0.00025872135,0.0005172283,0.017131092,0.0010796641
ISIC_0029338.jpg,NV,0.0003228421,0.99490803,0.00015079675,8.128105e-05,6.619575e-05,0.004248298,0.00022246223
ISIC_0029348.jpg,MEL,0.49699637,0.021285512,0.004362173,0.0034099342,0.45274925,0.00093733944,0.020259425
ISIC_0029349.jpg,NV,0.3303002,0.58710104,0.0073553063,0.06381719,0.0046612658,0.0015092934,0.005255668
ISIC_0029354.jpg,NV,0.39624777,0.51792777,0.031807892,0.009216771,0.035034996,0.0027386504,0.007026215
ISIC_0029355.jpg,VASC,0.10599722,0.18301214,0.0076783705,0.0037943306,0.054848984,0.021217234,0.6234517
ISIC_0029357.jpg,VASC,0.099334106,0.16782482,0.048346933,0.0004348402,0.14635655,0.03747985,0.500223
ISIC_0029368.jpg,NV,0.21976602,0.6004025,0.04263669,0.022390332,0.041873842,0.022543466,0.0503872
ISIC_0029379.jpg,NV,0.0015696791,0.96844536,0.0010769382,0.0006478172,0.0036636807,0.02415098,0.00044550566
ISIC_0029401.jpg,DF,0.0009884229,0.025431708,0.009815587,0.0047733854,0.0065488024,0.9489381,0.0035040763
ISIC_0029409.jpg,MEL,0.5004416,0.41465354,0.0020505378,0.006910119,0.054357003,0.0068644597,0.014722736
ISIC_0029421.jpg,NV,0.022827687,0.96465844,0.0026574205,0.00033952377,0.004152837,0.0038023975,0.0015617692
ISIC_0029435.jpg,MEL,0.83853614,0.118798286,0.0025817843,0.0001252032,0.0315174,7.1178656e-05,0.008370077
ISIC_0029465.jpg,NV,0.29696268,0.57311726,0.02387619,0.023166155,0.0730606,0.004702495,0.005114645
ISIC_0029470.jpg,MEL,0.87338954,0.09609306,0.006043239,0.00082446437,0.020016171,0.0017204277,0.001913076
ISIC_0029494.jpg,NV,0.088777035,0.9001613,0.0016911658,0.001308491,0.0035533314,0.002036057,0.0024724742
ISIC_0029498.jpg,NV,0.17274661,0.57871175,0.0049955314,0.009138291,0.113427624,0.012480807,0.1084994
ISIC_0029509.jpg,NV,0.037784275,0.8799248,0.016262304,0.007708502,0.010992233,0.004494413,0.0428335
ISIC_0029520.jpg,NV,0.21814165,0.7554969,0.0060869474,0.0052820207,0.005709932,0.006019229,0.0032632735
ISIC_0029552.jpg,NV,0.05034045,0.9083115,0.0027741403,0.0047137653,0.010480231,0.01735191,0.006027934
ISIC_0029553.jpg,NV,0.031729396,0.89859414,0.019099094,0.017176129,0.0200653,0.010725187,0.0026106895
ISIC_0029566.jpg,NV,0.24329199,0.5882026,0.010136131,0.023617772,0.07911347,0.013933736,0.0417043
ISIC_0029643.jpg,NV,0.0031518366,0.9852379,0.00013965018,0.00034962004,0.0046469397,0.006189155,0.00028489286
ISIC_0029645.jpg,MEL,0.8181733,0.09803974,0.0023332573,0.026045008,0.05445437,0.0008386278,0.00011568656
ISIC_0029648.jpg,NV,0.0024431834,0.9142283,0.0009353107,0.0061474512,0.0044378918,0.070896626,0.00091119873
ISIC_0029662.jpg,NV,0.1290262,0.57005906,0.013994719,0.0535555,0.11508995,0.111646146,0.006628427
ISIC_0029667.jpg,NV,0.009898401,0.92867285,0.027002964,0.0025033033,0.01238163,0.0103745,0.009166432
ISIC_0029670.jpg,NV,0.0019624317,0.9774097,0.0056220246,0.0016769577,0.00082698284,0.009761317,0.0027405727
ISIC_0029689.jpg,NV,0.041870095,0.94461006,0.001693196,0.0021381255,0.006087059,0.0018659673,0.001735482
ISIC_0029694.jpg,NV,0.0026936359,0.9340799,0.011576995,0.0057765665,0.019340638,0.021323824,0.0052084657
ISIC_0029701.jpg,NV,0.00011970334,0.9992199,2.1627991e-05,2.1959724e-05,2.0007432e-05,0.0005259428,7.085347e-05
ISIC_0029720.jpg,NV,0.13011917,0.7807358,0.001795759,0.0014696968,0.015239097,0.003001737,0.0676387
ISIC_0029749.jpg,BKL,0.16791826,0.25592008,0.00219907,0.0032664726,0.5672777,0.0014961,0.001922229
ISIC_0029756.jpg,NV,0.04595967,0.8933706,0.022531385,0.0046232855,0.010856617,0.012190619,0.010467845
ISIC_0029759.jpg,VASC,0.20233071,0.22555257,0.006868869,0.0028713106,0.023748208,0.028971115,0.5096572
ISIC_0029765.jpg,NV,0.027298039,0.9401503,0.002069096,0.007089355,0.013676393,0.008062829,0.0016540105
ISIC_0029784.jpg,NV,0.000652533,0.96681714,0.000434705,0.00011020566,0.00089438725,0.024350034,0.006740973
ISIC_0029786.jpg,BKL,0.12053173,0.28218874,0.009229759,0.0010646725,0.5217396,0.023135196,0.042110343
ISIC_0029829.jpg,NV,0.0015902802,0.9648708,0.008113543,0.002693557,0.017186841,0.0033876593,0.0021573622
ISIC_0029838.jpg,BKL,0.08328538,0.20323351,0.010660401,0.010200236,0.68255097,0.0048672114,0.0052023334
ISIC_0029845.jpg,NV,0.00845024,0.9754229,0.00074182206,0.00022231738,0.0034414923,0.011558423,0.00016264048
ISIC_0029854.jpg,BCC,0.038334012,0.3215995,0.32183832,0.0009736886,0.18494129,0.0048081074,0.12750508
ISIC_0029862.jpg,NV,0.08183533,0.7757045,0.017313326,0.087142296,0.01270531,0.012787893,0.012511333
ISIC_0029876.jpg,NV,0.0009807661,0.8128322,0.0028291007,0.0021323091,0.0047832057,0.1738569,0.002585498
ISIC_0029895.jpg,BKL,0.04326662,0.14064507,0.00056366395,0.0020267535,0.8128137,0.0003803513,0.00030390633
ISIC_0029902.jpg,NV,0.30962446,0.42181343,0.009715064,0.024215946,0.20386298,0.019404415,0.01136373
ISIC_0029908.jpg,NV,0.02507153,0.9527326,0.0024358328,0.00037526165,0.011473669,0.0035978905,0.004313244
ISIC_0029920.jpg,VASC,0.034722254,0.4043503,0.10478965,0.00081344886,0.0038670376,0.0010736226,0.45038375
ISIC_0029945.jpg,MEL,0.7899636,0.13688435,0.001983832,0.0018112311,0.045832504,0.004424327,0.019100113
ISIC_0029950.jpg,NV,0.10979717,0.74688745,0.006457967,0.016940134,0.07812826,0.03957464,0.0022144562
ISIC_0029963.jpg,NV,0.2611583,0.6995829,0.0025884046,0.0059455973,0.01976078,0.0031067287,0.007857299
ISIC_0029966.jpg,NV,0.07100068,0.8250405,0.002215701,0.0021777435,0.00630766,0.08279711,0.010460612
ISIC_0029970.jpg,BKL,0.03463066,0.35603827,0.07669388,0.008543228,0.5097985,0.0016264059,0.012669021
ISIC_0029976.jpg,NV,0.35932288,0.5581112,0.012076763,0.003911721,0.023581907,0.010140225,0.032855213
ISIC_0029979.jpg,NV,0.21433444,0.73979145,0.0028637897,0.0033679903,0.021498399,0.009784707,0.0083591975
ISIC_0029983.jpg,MEL,0.55952394,0.37945595,0.0027527076,0.029512815,0.027366934,0.0009590966,0.0004285257
ISIC_0029988.jpg,NV,0.0031413133,0.9791711,0.004234198,0.0011852446,0.0013170659,0.008549852,0.002401116
ISIC_0030008.jpg,BCC,0.1574027,0.25890043,0.32485455,0.012552002,0.19166869,0.027907537,0.026714051
ISIC_0030009.jpg,NV,0.0009980416,0.78887814,0.16436811,0.0002600205,0.038175575,0.005784979,0.0015351344
ISIC_0030024.jpg,NV,0.036260724,0.75578344,0.008819846,0.020546038,0.06543018,0.017043306,0.09611645
ISIC_0030033.jpg,NV,0.350652,0.40582228,0.028433118,0.020570084,0.17440602,0.016063934,0.004052561
ISIC_0030058.jpg,NV,0.046383593,0.8781631,0.038270354,0.0016388363,0.023389686,0.00059282733,0.011561567
ISIC_0030059.jpg,NV,0.016338604,0.90991163,0.019453092,0.0033632037,0.043481782,0.0054190117,0.0020326427
ISIC_0030061.jpg,MEL,0.60417885,0.22783928,0.014826787,0.13707441,0.013350024,0.001869035,0.00086150056
ISIC_0030065.jpg,BCC,0.10855246,0.14078821,0.49328816,0.107667066,0.027352167,0.11275381,0.009598177
ISIC_0030085.jpg,MEL,0.89547086,0.01738065,0.046451014,0.0025268022,0.033168368,0.0019127192,0.00308961
ISIC_0030117.jpg,NV,0.0614166,0.7719178,0.06237171,0.025311017,0.07228003,0.002469024,0.004233821
ISIC_0030144.jpg,NV,0.36617476,0.5891329,0.004365156,0.010670758,0.0129111055,0.0043233125,0.012421994
ISIC_0030147.jpg,NV,0.0009840024,0.9779122,0.000602371,0.00045380738,0.0019660145,0.018005105,7.651733e-05
ISIC_0030152.jpg,NV,0.021305665,0.95039713,0.00057038426,0.011417666,0.014191551,0.0006896719,0.0014278727
ISIC_0030155.jpg,NV,0.020713368,0.83817255,0.00036238274,0.0029773507,0.09097787,0.040987737,0.005808634
ISIC_0030167.jpg,AKIEC,0.02555697,0.15776964,0.008357618,0.6196458,0.17086878,0.017185027,0.0006162506
ISIC_0030184.jpg,NV,0.36000347,0.5978829,0.011347526,0.0034469203,0.0061618206,0.009043666,0.012113591
ISIC_0030194.jpg,NV,0.43190634,0.4524102,0.00044163622,0.0027185166,0.11058439,0.001279169,0.0006597206
ISIC_0030198.jpg,MEL,0.5688342,0.4206485,0.00058532687,0.0022009048,0.0036880758,0.00017187807,0.003871076
ISIC_0030260.jpg,BKL,0.14982407,0.34867638,0.001434221,0.00561445,0.49293622,0.000588375,0.00092630036
ISIC_0030263.jpg,NV,0.18310581,0.75091887,0.0018645682,0.006424119,0.013453504,0.022456123,0.021776967
ISIC_0030279.jpg,NV,0.020195924,0.5353178,0.019358734,0.36307165,0.045876477,0.011106977,0.005072474
ISIC_0030300.jpg,NV,0.029196212,0.7700284,0.19105336,0.00018646909,0.0021503395,0.0014519354,0.0059332983
ISIC_0030302.jpg,NV,0.036333293,0.65585864,0.013788922,0.009150702,0.23588373,0.04789787,0.0010867934
ISIC_0030303.jpg,BKL,0.023634037,0.11564126,0.008397737,0.0065365066,0.70086,0.1396287,0.0053017633
ISIC_0030326.jpg,MEL,0.4447543,0.30225465,0.002065603,0.00033243897,0.24415947,0.0027366502,0.00369691
ISIC_0030334.jpg,MEL,0.68944705,0.22649592,0.00078627124,0.002795714,0.07878915,0.0005639015,0.0011219961
ISIC_0030340.jpg,BKL,0.07351651,0.18493462,0.044248216,0.30033824,0.38531867,0.008017252,0.0036264507
ISIC_0030348.jpg,NV,0.23929568,0.63930637,0.01360727,0.020963602,0.081840776,0.0023768677,0.0026094308
ISIC_0030355.jpg,MEL,0.4941058,0.4570695,0.007872111,0.006916553,0.010259234,0.0061139963,0.017662805
ISIC_0030359.jpg,NV,0.004970365,0.9864612,0.0007808505,0.0011305665,0.0016842501,0.0024370356,0.002535668
ISIC_0030364.jpg,NV,0.024009101,0.786795,0.011848422,0.000749512,0.11512679,0.05266618,0.0088049285
ISIC_0030370.jpg,NV,0.34799364,0.5583497,0.0005984573,0.0016435006,0.08742145,0.0026572812,0.001335919
ISIC_0030371.jpg,MEL,0.5544747,0.35801047,0.0044462797,0.007530948,0.07353517,0.0013467915,0.00065566367
ISIC_0030373.jpg,NV,0.00035199878,0.8603461,0.032393213,0.00018019846,0.00033349596,0.0053914455,0.10100353
ISIC_0030378.jpg,NV,0.0033433,0.6924807,0.17652346,0.04701267,0.032381013,0.03878994,0.009468871
ISIC_0030381.jpg,NV,0.0008496467,0.993648,0.001596452,0.00026713146,0.00022363283,0.0020610474,0.0013540119
ISIC_0030406.jpg,NV,0.008858332,0.86202663,0.0043673115,0.001723532,0.078302056,0.0010212017,0.043700885
ISIC_0030410.jpg,NV,0.021657271,0.61223227,0.0016297824,0.0058025904,0.3044144,0.020604627,0.03365909
ISIC_0030413.jpg,NV,0.009455272,0.97980803,0.0016455253,0.00045747042,0.0011563211,0.006558282,0.00091909315
ISIC_0030420.jpg,MEL,0.3652022,0.05058985,0.11509551,0.0012435514,0.35479978,0.0016727335,0.11139643
ISIC_0030426.jpg,BKL,0.20490132,0.047335993,0.067240804,0.017545752,0.54530334,0.0010260663,0.116646715
ISIC_0030434.jpg,MEL,0.68113023,0.16293663,0.044091262,0.049645334,0.016487557,0.0032685287,0.04244039
ISIC_0030456.jpg,MEL,0.69930637,0.27512822,0.00076548173,0.010139177,0.012832167,0.00057238975,0.0012561892
ISIC_0030464.jpg,NV,0.078188136,0.8249242,0.007275641,0.0008634888,0.008920255,0.012781617,0.06704664
ISIC_0030477.jpg,NV,0.061599497,0.84254247,0.003758167,0.009829083,0.026472474,0.03833515,0.01746321
ISIC_0030479.jpg,NV,0.044437796,0.91517663,0.001956676,0.010025243,0.01754058,0.009369937,0.0014930888
ISIC_0030480.jpg,NV,0.010485381,0.85131925,0.029640514,0.006140445,0.018760674,0.016622717,0.067031115
ISIC_0030485.jpg,VASC,0.1499448,0.23086444,0.0020934255,0.0009505765,0.13845977,0.03300352,0.4446835
ISIC_0030492.jpg,NV,0.20778088,0.76139957,0.0016770626,0.0012171105,0.024929939,0.001838505,0.0011569818
ISIC_0030498.jpg,NV,0.04796428,0.8931689,0.0033877175,0.0020263782,0.04365625,0.0073799416,0.002416447
ISIC_0030503.jpg,NV,0.011327953,0.9866599,0.00012873809,0.00020060212,0.0009000744,9.6564945e-05,0.0006861747
ISIC_0030504.jpg,NV,0.30668962,0.6557735,0.004316847,0.001178339,0.003277809,0.008408707,0.020355185
ISIC_0030520.jpg,VASC,0.008725693,0.30773592,0.002188724,1.2889492e-05,0.019022921,0.00053555745,0.6617782
ISIC_0030535.jpg,NV,0.16853942,0.72578776,0.029948048,0.0034307821,0.060313072,0.0067069614,0.005273952
ISIC_0030540.jpg,NV,0.012219262,0.8528,0.0014443322,0.00450018,0.10957674,0.01615847,0.0033010542
ISIC_0030541.jpg,NV,0.035533946,0.9300709,0.007424484,0.0089460965,0.006922132,0.0007769187,0.0103254365
ISIC_0030553.jpg,NV,0.11711572,0.59217453,0.011443667,0.16990829,0.10369429,0.0010864699,0.0045770956
ISIC_0030567.jpg,NV,0.10546415,0.7774941,0.018996235,0.0028321582,0.075005785,0.0011310653,0.019076563
ISIC_0030573.jpg,NV,0.00018803,0.87101924,0.0026412802,0.0003258241,0.00082364655,0.11897471,0.006027154
ISIC_0030599.jpg,NV,0.00027638845,0.8212469,2.7470414e-05,0.00028218425,0.07443682,0.10223391,0.0014962736
ISIC_0030609.jpg,MEL,0.66927797,0.20295288,0.0046286127,0.016112067,0.09199857,0.0036513098,0.011378673
ISIC_0030629.jpg,BKL,0.14803055,0.17513077,0.020893095,0.018119669,0.5215176,0.02770125,0.088607125
ISIC_0030637.jpg,NV,0.005486588,0.6959584,0.008684696,0.25738555,0.024288274,0.0048367833,0.0033597103
ISIC_0030640.jpg,NV,0.116333425,0.6794802,0.017010992,0.032903228,0.14086406,0.00774622,0.00566193
ISIC_0030654.jpg,NV,0.41650105,0.5289202,0.0040474604,0.011807614,0.019187415,0.0036879918,0.015848298
ISIC_0030664.jpg,NV,8.039892e-05,0.6961372,0.01633129,0.00012240843,0.0010583772,0.2767327,0.0095375115
ISIC_0030672.jpg,AKIEC,0.28826252,0.08421566,0.075288646,0.37700507,0.17108335,0.0038169797,0.0003277658
ISIC_0030704.jpg,MEL,0.43941137,0.43829903,0.008060454,0.095546804,0.0060143173,0.00044382014,0.012224189
ISIC_0030711.jpg,NV,0.052944317,0.87647194,0.0024831286,0.011519929,0.04321358,0.012991476,0.00037547885
ISIC_0030732.jpg,BCC,0.23408237,0.14702225,0.44925824,0.004274647,0.1187251,0.012399044,0.034238327
ISIC_0030734.jpg,NV,0.004112184,0.96084505,0.0009603994,0.0007907107,0.009086376,0.021300193,0.002905043
ISIC_0030741.jpg,NV,0.06589703,0.60091954,0.002738702,0.00016819117,0.03426074,0.010008073,0.28600776
ISIC_0030743.jpg,BKL,0.0032674265,0.4479678,0.0012094029,0.005173186,0.54062396,0.0012444445,0.00051386165
ISIC_0030765.jpg,MEL,0.76147354,0.21612015,0.0010547108,0.0017316029,0.017530734,0.00015487698,0.0019343225
ISIC_0030772.jpg,NV,0.10459983,0.54186404,0.007056706,0.013334189,0.31941473,0.00907944,0.0046510384
ISIC_0030773.jpg,NV,0.25597307,0.70211387,0.0035198703,0.0047158827,0.026848827,0.0024965808,0.0043318956
ISIC_0030787.jpg,NV,0.014826902,0.7206959,0.01584859,0.0009744958,0.12110688,0.039449997,0.0870972
ISIC_0030788.jpg,NV,0.008622516,0.9788302,0.0015207218,0.0013637196,0.0016084855,0.0046937806,0.0033605888
ISIC_0030791.jpg,NV,0.0021869796,0.9787931,0.00054237264,0.00042702653,0.0014031845,0.015370495,0.0012768515
ISIC_0030797.jpg,NV,0.012486042,0.94306284,0.0043091346,0.0034301481,0.031813335,0.00084525,0.004053301
ISIC_0030804.jpg,NV,0.031982906,0.7382715,0.0061303633,0.00086169434,0.13802347,0.072330184,0.012399899
ISIC_0030816.jpg,NV,0.404592,0.44272134,0.026478022,0.009129722,0.10506124,0.008082655,0.0039350674
ISIC_0030847.jpg,MEL,0.5403771,0.25276166,0.005525872,0.00877598,0.18418847,0.004121164,0.004249789
ISIC_0030851.jpg,NV,0.02432479,0.9321646,0.024338752,0.006592551,0.0035940201,0.0061852634,0.002800039
ISIC_0030858.jpg,NV,0.22436738,0.5376536,0.03360536,0.009452177,0.118222766,0.0069572036,0.06974147
ISIC_0030872.jpg,NV,0.052953303,0.9182736,0.00080169394,0.002839268,0.012930748,0.0009881267,0.011213164
ISIC_0030878.jpg,NV,0.08838427,0.846743,0.019966312,0.011556789,0.017841902,0.0069654565,0.0085423
ISIC_0030888.jpg,NV,0.0074406434,0.68222135,0.005092242,0.0070950277,0.12825249,0.16183698,0.008061243
ISIC_0030909.jpg,NV,0.21755147,0.6680808,0.038850136,0.0027591044,0.03605367,0.008036956,0.028667865
ISIC_0030912.jpg,NV,0.033054337,0.76279265,0.0062685083,0.001304993,0.11975435,0.005038262,0.07178687
ISIC_0030919.jpg,MEL,0.63190585,0.0877015,0.0003232164,0.0024855554,0.2744644,0.00050295476,0.002616448
ISIC_0030921.jpg,NV,0.02160732,0.955656,0.0010429667,0.009915566,0.009549723,0.00012124758,0.0021072244
ISIC_0030923.jpg,NV,0.081831746,0.42341238,0.3487743,0.0045174733,0.119077966,0.0015541303,0.020832026
ISIC_0030930.jpg,MEL,0.48504287,0.35747087,0.0043661413,0.0026837161,0.122082785,0.005725796,0.022627806
ISIC_0030937.jpg,MEL,0.9375363,0.04628472,0.00052850484,0.00074876146,0.014395887,0.00040136796,0.00010448663
ISIC_0030939.jpg,NV,0.015676728,0.9647602,0.00046784405,0.0010348568,0.009623966,0.005336833,0.0030996774
ISIC_0030942.jpg,MEL,0.68250924,0.28426918,0.0023342147,0.008111284,0.0192334,0.00306567,0.00047703224
ISIC_0030949.jpg,NV,0.07071644,0.861713,0.00085246837,0.0058483593,0.014462237,0.0003889432,0.0460186
ISIC_0030977.jpg,NV,0.10184632,0.42007405,0.16727932,0.07314928,0.15459332,0.023430005,0.05962773
ISIC_0030978.jpg,BKL,0.065941766,0.07478098,0.05986915,0.24919523,0.52170235,0.02806126,0.00044925476
ISIC_0030980.jpg,BKL,0.0025042032,0.033234857,0.0005716303,0.0029863622,0.8782758,0.0016422025,0.08078496
ISIC_0030993.jpg,NV,0.03807745,0.90242594,0.0065263035,0.0045401347,0.019922918,0.008700991,0.019806309
ISIC_0030997.jpg,NV,0.0098383,0.9845532,0.0011733124,0.00057309616,0.0014974143,0.0008733116,0.0014913653
ISIC_0031011.jpg,NV,0.014918085,0.9667252,0.0037557695,0.0018905838,0.0046030167,0.0023991351,0.005708312
ISIC_0031018.jpg,NV,0.01479566,0.95764214,0.0030982452,0.00533335,0.0062121763,0.009144994,0.0037734313
ISIC_0031045.jpg,NV,0.3729854,0.55525166,0.0010300133,0.0023488165,0.06388096,0.0019529766,0.002550117
ISIC_0031055.jpg,NV,0.009237782,0.54055053,0.002803029,0.00070118904,0.0059833005,0.027801855,0.41292232
ISIC_0031059.jpg,NV,0.044444114,0.6108496,0.00046406503,0.0014326395,0.0042839996,0.00051663833,0.33800894
ISIC_0031071.jpg,BKL,0.013279166,0.15153234,0.00017031233,0.0003533554,0.82335377,0.008800961,0.0025101423
ISIC_0031086.jpg,NV,0.00026524172,0.99952614,3.5263914e-05,3.314322e-05,2.041583e-05,6.178619e-05,5.8013815e-05
ISIC_0031091.jpg,BCC,0.09566745,0.015231606,0.7152292,0.12685975,0.012408531,0.0002931086,0.03431034
ISIC_0031099.jpg,NV,0.007355512,0.9662864,0.00018843448,0.00037636486,0.005351257,0.008552156,0.011889913
ISIC_0031101.jpg,NV,0.0020158866,0.988112,0.000902426,0.0025550344,0.0013064034,0.0034718853,0.001636389
ISIC_0031102.jpg,NV,0.023131713,0.7498318,0.007002888,0.023610048,0.15126608,0.043448362,0.0017090585
ISIC_0031105.jpg,NV,0.29952565,0.5604374,0.0060712546,0.00062521873,0.05067154,0.0137474295,0.068921484
ISIC_0031106.jpg,NV,0.3475885,0.5694487,0.0062602037,0.0048607877,0.039730508,0.019252425,0.012858893
ISIC_0031107.jpg,NV,0.007607335,0.9195322,0.00212691,0.0028671161,0.015809191,0.0039318735,0.04812544
ISIC_0031109.jpg,NV,0.19877103,0.6978405,0.009509429,0.0010349519,0.06809149,0.020334745,0.004417825
ISIC_0031126.jpg,BCC,0.020461181,0.03806911,0.88122165,0.008270648,0.047538523,0.0017024319,0.002736386
ISIC_0031127.jpg,BKL,0.1883867,0.15484186,0.011634008,0.0072409757,0.63138634,0.0026377703,0.003872329
ISIC_0031129.jpg,BKL,0.04350073,0.12052276,0.008986956,0.013150327,0.7836033,0.006934776,0.02330121
ISIC_0031142.jpg,VASC,0.029960025,0.045926325,0.16013984,0.07208949,0.30030856,0.0036395162,0.38793623
ISIC_0031143.jpg,MEL,0.48130053,0.47626075,0.0018077658,0.0029019532,0.028683927,0.0032897505,0.0057553337
ISIC_0031145.jpg,MEL,0.78406507,0.1358994,0.0058756135,0.005348509,0.045839865,0.016039724,0.006931786
ISIC_0031148.jpg,BKL,0.27337343,0.14672461,0.015465515,0.0017198857,0.28318343,0.03402118,0.24551201
ISIC_0031151.jpg,BKL,0.010168361,0.08380858,0.00028656342,0.004338753,0.89846027,0.0013740987,0.0015634332
ISIC_0031160.jpg,MEL,0.70858645,0.20981458,0.0096452385,0.005857035,0.062829114,0.0025210262,0.0007464925
ISIC_0031178.jpg,VASC,0.046281986,0.25123048,0.004375294,0.0054973396,0.22247563,0.015531128,0.45460817
ISIC_0031187.jpg,NV,0.030578107,0.89144063,0.0028616423,0.006583136,0.005746203,0.0020550506,0.060735267
ISIC_0031188.jpg,MEL,0.4179446,0.41478637,0.013812739,0.0036078377,0.14322914,0.003868837,0.0027505157
ISIC_0031192.jpg,BKL,0.041891735,0.042185184,0.04528618,0.07871987,0.782715,0.0059907907,0.0032112128
ISIC_0031194.jpg,NV,0.04648498,0.4481583,0.008008653,0.22163379,0.016850028,0.2548339,0.004030304
ISIC_0031195.jpg,NV,0.0005355403,0.9562214,0.010853067,0.005667215,0.005506012,0.01957107,0.0016457263
ISIC_0031209.jpg,MEL,0.6138093,0.31895068,0.013110867,0.009574471,0.012142668,0.013106184,0.019305827
ISIC_0031216.jpg,AKIEC,0.051692884,0.3470839,0.04010881,0.5284798,0.004507447,0.027564807,0.00056227035
ISIC_0031222.jpg,NV,0.08744565,0.6636859,0.00176798,0.0076686824,0.08250592,0.015922174,0.14100368
ISIC_0031235.jpg,NV,0.004569998,0.98213667,0.0007403371,0.00202478,0.0011231219,0.008143927,0.0012611934
ISIC_0031238.jpg,BKL,0.0203093,0.008193285,0.1675017,0.013262803,0.7053667,0.011751891,0.073614344
ISIC_0031247.jpg,NV,0.09523912,0.72403675,0.028346576,0.0075967526,0.045851257,0.008946097,0.089983456
ISIC_0031250.jpg,NV,0.021579735,0.6966284,0.025664346,0.005758428,0.03227535,0.20702013,0.011073698
ISIC_0031259.jpg,NV,0.21516487,0.52900976,0.0027136074,0.0076921294,0.20494021,0.026541708,0.013937683
ISIC_0031268.jpg,NV,0.18859617,0.6180858,0.019435639,0.011925956,0.14444478,0.007342453,0.010169193
ISIC_0031275.jpg,NV,0.0001381968,0.8951303,0.0023588052,0.0022753696,0.0010022216,0.09733859,0.0017565473
ISIC_0031281.jpg,MEL,0.7477285,0.21223558,0.001022875,0.0010828753,0.009890147,0.00069044554,0.027349517
ISIC_0031288.jpg,NV,0.2224253,0.58889043,0.03129634,0.00975663,0.07558194,0.025690436,0.046358854
ISIC_0031290.jpg,MEL,0.53389287,0.33099937,0.01033652,0.014797518,0.060128756,0.0017012227,0.048143722
ISIC_0031293.jpg,MEL,0.6800958,0.21074061,0.005981821,0.004075606,0.09012,0.0016399766,0.00734619
ISIC_0031299.jpg,VASC,0.003521323,0.12185721,0.0038916036,0.00029785634,0.014902294,0.0005292886,0.8550004
ISIC_0031317.jpg,MEL,0.39354384,0.23218632,0.0036721202,0.013979178,0.35337135,0.0027792123,0.00046802123
ISIC_0031332.jpg,NV,0.004570283,0.9715646,0.00054514414,0.002457819,0.011485642,0.008705519,0.0006710927
ISIC_0031337.jpg,MEL,0.558077,0.2119797,0.01138147,0.0024988994,0.05756194,0.0020433278,0.15645766
ISIC_0031353.jpg,BKL,0.13470946,0.05799826,0.062404063,0.15053926,0.58501834,0.008175475,0.0011551167
ISIC_0031374.jpg,MEL,0.5843294,0.13560413,0.0004511725,0.033813246,0.24037278,0.005277197,0.00015202137
ISIC_0031379.jpg,NV,0.42730415,0.5527123,0.003055469,0.0072089783,0.005232763,0.0025882039,0.0018981359
ISIC_0031385.jpg,BKL,0.054520138,0.14364377,0.0945856,0.0047645494,0.6975076,0.0015971643,0.003381202
ISIC_0031398.jpg,NV,0.053991742,0.91174656,0.0009176158,0.0056389947,0.018198837,0.005366305,0.004139927
ISIC_0031412.jpg,NV,0.018852048,0.45866302,0.36351028,0.027709426,0.0014695345,0.088691965,0.041103702
ISIC_0031418.jpg,NV,0.034807142,0.9520605,0.0003632105,0.0003420154,0.008375575,0.0005824962,0.003469046
ISIC_0031435.jpg,NV,0.070990205,0.5101555,0.032385252,0.035182416,0.2784575,0.040105965,0.03272314
ISIC_0031438.jpg,NV,0.18413165,0.7383026,0.006728379,0.0056554093,0.014771907,0.04198613,0.00842392
ISIC_0031448.jpg,NV,0.0016680098,0.98893493,0.0011814055,8.825597e-05,0.002506604,0.0032750727,0.002345641
ISIC_0031453.jpg,NV,0.005265684,0.96006364,0.0033396464,0.00048215676,0.0025615958,0.023630347,0.0046569514
ISIC_0031462.jpg,AKIEC,0.04747061,0.2595991,0.030236982,0.48242748,0.1726848,0.0055645593,0.0020165292
ISIC_0031474.jpg,DF,0.08522661,0.026807915,0.018954867,0.027606858,0.2346469,0.59469825,0.012058637
ISIC_0031482.jpg,BKL,0.012706609,0.119850755,0.0005810507,0.00027722996,0.81935346,0.017558414,0.029672526
ISIC_0031486.jpg,NV,0.00082453736,0.9561905,0.0023707687,0.0018196419,0.0075509823,0.02990368,0.0013397877
ISIC_0031501.jpg,BKL,0.16568494,0.23224576,0.016431704,0.0014747037,0.37385282,0.07787998,0.13243009
ISIC_0031503.jpg,NV,0.028355304,0.94501776,0.0015033587,0.0030003572,0.013806533,0.002437064,0.005879624
ISIC_0031507.jpg,NV,0.02031122,0.9313928,0.020290896,0.008154264,0.013239098,0.0012802542,0.0053314785
ISIC_0031515.jpg,NV,0.04202047,0.87217784,0.05531391,0.0016552667,0.017283274,0.0038104332,0.0077388184
ISIC_0031524.jpg,NV,0.13008629,0.70976615,0.029719895,0.07086849,0.04114762,0.015283401,0.003128156
ISIC_0031540.jpg,NV,0.025255192,0.9609361,0.0005505079,0.00012410604,0.008785702,0.00042538234,0.0039230087
ISIC_0031560.jpg,MEL,0.8319707,0.11176069,0.0010746451,0.00027635248,0.045741532,0.0005036486,0.008672433
ISIC_0031566.jpg,NV,0.0008707316,0.9895895,0.00042946712,0.0002678392,0.00065304874,0.0010793188,0.0071100187
ISIC_0031571.jpg,NV,0.040402226,0.77340144,0.0017404022,0.0070845075,0.11509869,0.043740038,0.018532753
ISIC_0031579.jpg,NV,0.04407185,0.8750042,0.005158371,0.010123389,0.019853022,0.04546592,0.00032331137
ISIC_0031592.jpg,BKL,0.21238798,0.2306389,0.096590675,0.0053350627,0.3772291,0.017974691,0.05984361
ISIC_0031595.jpg,MEL,0.81182647,0.1185198,0.0006431938,0.001364818,0.05512557,0.0008734455,0.011646641
ISIC_0031599.jpg,VASC,0.03238945,0.33542126,0.064264044,0.00059296895,0.006191236,0.0008022602,0.56033874
ISIC_0031602.jpg,MEL,0.6549308,0.029904325,0.009498949,0.0077726203,0.28048304,0.0010379996,0.016372317
ISIC_0031615.jpg,NV,0.015685609,0.8422982,0.014234889,0.0066637746,0.11293909,0.0033471668,0.0048311623
ISIC_0031618.jpg,NV,0.23765977,0.49575636,0.06814809,0.03191276,0.1492089,0.010067649,0.0072465003
ISIC_0031621.jpg,MEL,0.87043136,0.112283416,0.00045876094,0.002324749,0.008891223,0.0003282643,0.0052821925
ISIC_0031637.jpg,NV,0.02803395,0.7729508,0.00057604327,0.00095515064,0.16469504,0.029275786,0.003513191
ISIC_0031646.jpg,NV,0.23500961,0.24007447,0.23308887,0.09704389,0.12706365,0.06426754,0.0034519262
ISIC_0031652.jpg,NV,0.013987776,0.9489674,0.0005471963,0.0068442253,0.018645734,0.0009325873,0.0100751165
ISIC_0031655.jpg,NV,0.0016981537,0.996445,0.00017814053,0.00022813331,0.00011477905,0.0009927808,0.00034300145
ISIC_0031663.jpg,NV,0.34177968,0.46638036,0.028845297,0.0018530003,0.07127205,0.07571088,0.014158733
ISIC_0031668.jpg,NV,0.04378277,0.79625577,0.00018484848,0.0024587656,0.15518673,0.0011101619,0.0010209486
ISIC_0031674.jpg,VASC,0.04269076,0.05765414,0.25600848,0.0043941415,0.09653196,0.005943742,0.5367768
ISIC_0031681.jpg,BKL,0.16585757,0.09564905,0.013268322,0.08952826,0.6264043,0.008206879,0.0010856205
ISIC_0031695.jpg,NV,0.021357788,0.9519719,0.00041276438,0.0016572644,0.012986796,0.0075436523,0.0040697493
ISIC_0031705.jpg,NV,0.31796843,0.41697297,0.009318579,0.001081728,0.06523466,0.0025098303,0.18691379
ISIC_0031710.jpg,NV,0.28737816,0.66678214,0.0026029416,0.0042150887,0.031599406,0.0032263687,0.0041958797
ISIC_0031713.jpg,NV,0.46487656,0.47775877,0.0006647541,0.002137299,0.049610082,0.0029774471,0.0019750297
ISIC_0031720.jpg,NV,0.0072474186,0.97954583,0.0029964538,4.262448e-05,0.00047151378,0.0009226832,0.008773564
ISIC_0031733.jpg,NV,0.0024560052,0.53865707,0.041737042,0.00015467798,0.0007427964,0.04688201,0.36937037
ISIC_0031748.jpg,MEL,0.67088467,0.07326222,0.10608063,0.0062457956,0.14196298,0.0004384591,0.0011252473
ISIC_0031755.jpg,NV,0.0061648763,0.75742257,0.0139799155,0.018792972,0.05718671,0.011889957,0.13456306
ISIC_0031785.jpg,NV,0.0048130746,0.92287695,0.0073137484,0.0051423227,0.011407235,0.005508316,0.042938404
ISIC_0031791.jpg,MEL,0.31736183,0.25629893,0.0531432,0.0037163168,0.2103398,0.15175028,0.0073896227
ISIC_0031794.jpg,MEL,0.4858788,0.31760228,0.00090957683,0.002242684,0.19100511,0.0015361272,0.00082537846
ISIC_0031797.jpg,NV,0.022249574,0.6572654,0.00088756596,0.01249557,0.27952847,0.026938915,0.0006344869
ISIC_0031800.jpg,NV,0.002559221,0.9849974,0.00030159316,0.00021495286,0.003030006,0.0031698763,0.0057270434
ISIC_0031803.jpg,MEL,0.66876805,0.13929291,0.006439086,0.0002016933,0.04653815,0.003281068,0.13547905
ISIC_0031807.jpg,NV,0.016073557,0.9803816,0.0006094007,0.0008800601,0.00021640373,0.000432953,0.0014059753
ISIC_0031809.jpg,NV,0.12726991,0.86154616,0.0004807351,0.0019896938,0.0051537193,0.0011781764,0.0023815164
ISIC_0031822.jpg,MEL,0.6528096,0.25034782,0.0016603288,0.0048060664,0.077711,0.0067133815,0.005951829
ISIC_0031829.jpg,MEL,0.7910959,0.10338655,0.0052744504,0.0027685077,0.07008778,0.00041158102,0.026975183
ISIC_0031834.jpg,NV,0.0013389323,0.98103255,0.001832823,0.0005589671,0.001338735,0.012832188,0.0010658216
ISIC_0031857.jpg,NV,0.002183935,0.5857302,0.35849905,0.0008854271,0.046481278,0.003949074,0.0022710564
ISIC_0031863.jpg,MEL,0.6355709,0.11989696,0.000388565,0.0011187337,0.24138133,0.0014387337,0.00020479862
ISIC_0031869.jpg,NV,0.0008190841,0.93981254,0.013684881,0.0047677867,0.015662301,0.02052194,0.004731541
ISIC_0031883.jpg,DF,0.0054718317,0.0963699,0.09191944,0.091512814,0.07503206,0.6061163,0.033577614
ISIC_0031887.jpg,NV,0.112053245,0.681161,0.00016523009,0.0038745406,0.20211338,0.0005017245,0.00013095232
ISIC_0031896.jpg,MEL,0.67406064,0.053387195,0.0012819566,0.0018271869,0.16545996,0.00052764494,0.10345535
ISIC_0031906.jpg,NV,0.05783418,0.92759633,0.00041046765,0.00052173185,0.0021680896,0.00064802903,0.01082116
ISIC_0031909.jpg,NV,0.007699061,0.8554905,0.0052859266,0.0015999014,0.010476061,0.030104676,0.08934386
ISIC_0031930.jpg,MEL,0.5262189,0.32998243,0.0011106494,0.086581275,0.013773575,0.04140222,0.00093093497
ISIC_0031933.jpg,NV,0.16419092,0.6490243,0.00662978,0.04934506,0.11179445,0.016470946,0.0025445453
ISIC_0031944.jpg,NV,0.0030504225,0.8763293,0.012696361,0.002443604,0.045580197,0.032814834,0.027085299
ISIC_0031947.jpg,NV,0.02385628,0.92016923,0.000805042,0.0017731152,0.033565413,0.013571655,0.006259221
ISIC_0031959.jpg,BKL,0.13938339,0.21368921,0.020856092,0.001385207,0.51737106,0.010908526,0.09640655
ISIC_0031965.jpg,NV,0.30660373,0.6198456,0.004913397,0.0028566734,0.051551364,0.011365979,0.002863204
ISIC_0031968.jpg,NV,0.03407691,0.92304146,0.015874393,0.0038657764,0.0018005833,0.013489611,0.007851289
ISIC_0031974.jpg,NV,0.1808304,0.76590604,0.0055843755,0.0044510537,0.009721175,0.03224804,0.001258937
ISIC_0031985.jpg,NV,0.033580158,0.91442984,0.007382671,0.0005500504,0.017029256,0.0036511044,0.023376845
ISIC_0031988.jpg,NV,0.33379856,0.44973344,7.1388546e-05,0.0010213257,0.19882675,0.0021444198,0.0144041665
ISIC_0031990.jpg,NV,0.022430008,0.92329764,0.028317085,0.013137024,0.0074150926,0.0029124878,0.0024905119
ISIC_0031992.jpg,NV,0.004427239,0.99319345,0.00018060772,0.00047335314,0.0003868207,0.00043647943,0.0009020664
ISIC_0032000.jpg,NV,0.0013110719,0.9885964,0.00091458077,0.0030241727,0.0038022697,0.0018992518,0.00045221366
ISIC_0032008.jpg,BKL,0.22078039,0.20532544,0.0042674798,0.05260809,0.50423133,0.012489751,0.00029748186
ISIC_0032011.jpg,NV,0.027288655,0.8898554,0.004548349,0.0041773515,0.04127664,0.00885043,0.024003165
ISIC_0032018.jpg,BKL,0.103067346,0.23035906,0.01190745,0.055063598,0.4167134,0.17674324,0.006145951
ISIC_0032020.jpg,NV,0.44075367,0.46174413,0.0032638586,0.005842247,0.08126154,0.0026627535,0.004471768
ISIC_0032021.jpg,NV,0.07504902,0.7540022,0.008250071,0.02028743,0.13701923,0.0048120474,0.00057996536
ISIC_0032023.jpg,NV,0.11913145,0.61948746,0.004772177,0.032435223,0.14830665,0.049040835,0.026826186
ISIC_0032027.jpg,MEL,0.5521912,0.33132026,0.00720773,0.0016691419,0.09182813,0.0068847053,0.008898826
ISIC_0032034.jpg,BKL,0.057122543,0.042672433,0.1576766,0.096892715,0.629511,0.015257717,0.00086694356
ISIC_0032035.jpg,MEL,0.35322738,0.20558831,0.02799674,0.030741813,0.24324447,0.0034135277,0.13578776
ISIC_0032039.jpg,NV,0.042257857,0.8519398,0.01376901,0.010992326,0.0686848,0.010910658,0.0014456093
ISIC_0032042.jpg,NV,0.037635114,0.5418335,0.066627875,0.023833081,0.14773096,0.05847803,0.12386137
ISIC_0032055.jpg,NV,0.12533681,0.8629888,0.001519576,0.0007393564,0.0027431063,0.0022116785,0.00446051
ISIC_0032065.jpg,BKL,0.036037546,0.054790128,0.15106536,0.02484359,0.67293626,0.041205496,0.01912151
ISIC_0032069.jpg,NV,0.0013312345,0.8685634,0.00027675266,0.0015119574,0.04968625,0.074297406,0.0043330784
ISIC_0032106.jpg,NV,0.02445669,0.93484205,0.005216562,0.0016486581,0.008909969,0.016090117,0.008835931
ISIC_0032115.jpg,NV,0.004306835,0.99205834,0.0001982606,0.00015558877,0.0021413912,0.00022239165,0.0009171784
ISIC_0032120.jpg,NV,0.00014462147,0.99611354,0.00024518077,9.201743e-05,6.703847e-05,0.0031910958,0.00014644404
ISIC_0032125.jpg,BCC,0.0032900183,0.19040737,0.7969298,0.0016130533,0.0025984608,0.00045448908,0.0047068163
ISIC_0032150.jpg,NV,0.002736019,0.6476138,0.00012029514,1.3185661e-05,0.0021394421,0.0001329461,0.34724423
ISIC_0032157.jpg,MEL,0.542134,0.3505015,0.049905512,0.04623358,0.0027556196,0.00089348207,0.0075763827
ISIC_0032158.jpg,MEL,0.68050015,0.18410152,0.0004482206,0.0018949636,0.13241255,0.00019566756,0.00044692535
ISIC_0032176.jpg,NV,0.23473781,0.34757072,0.0022725218,0.080146864,0.3250888,0.009419172,0.0007640491
ISIC_0032177.jpg,NV,0.00089575746,0.9889262,0.00032672787,0.002923462,0.0010308208,0.0012428316,0.0046542543
ISIC_0032181.jpg,NV,0.36522982,0.59463805,0.0023478498,0.0062355422,0.029344922,0.0008180894,0.001385676
ISIC_0032196.jpg,NV,0.017157026,0.75808513,0.010804907,0.10718591,0.05221936,0.047842093,0.006705552
ISIC_0032209.jpg,NV,0.01901311,0.75483525,0.0037567185,0.02374179,0.15699741,0.037473805,0.0041819434
ISIC_0032234.jpg,NV,0.0020287863,0.9003051,0.00914233,0.0072083087,0.033108406,0.047791578,0.00041557054
ISIC_0032242.jpg,MEL,0.8954463,0.05338626,0.0026049155,0.0006416225,0.04317551,0.0024387953,0.0023066765
ISIC_0032257.jpg,NV,0.02627539,0.41498074,0.18357241,0.032918748,0.14650697,0.15461524,0.04113057
ISIC_0032260.jpg,MEL,0.5536501,0.35537383,0.004168944,0.067677625,0.013673309,0.0009689623,0.0044872775
ISIC_0032288.jpg,NV,0.008133556,0.9497354,0.0019249773,0.0019021045,0.026103953,0.009762669,0.0024374211
ISIC_0032294.jpg,MEL,0.6773639,0.1836882,0.025893,0.005932925,0.09078938,0.01324401,0.0030885653
ISIC_0032300.jpg,NV,0.04215077,0.7691816,0.11047835,0.04993764,0.020209834,0.0019737128,0.006067954
ISIC_0032309.jpg,BKL,0.19833787,0.09777692,0.011345312,0.001863186,0.58273816,0.02792383,0.08001472
ISIC_0032310.jpg,MEL,0.5054225,0.3829269,0.0031412335,0.0842364,0.0019805806,0.0076378467,0.014654612
ISIC_0032333.jpg,NV,0.071372025,0.914763,0.00034459028,0.0009921365,0.0030659356,0.0010914777,0.008370825
ISIC_0032334.jpg,MEL,0.68517375,0.13036145,0.0027036713,0.031514015,0.13825403,0.009978135,0.002015064
ISIC_0032336.jpg,NV,0.0005927192,0.9911876,0.0010183805,0.00015918784,0.00066603144,0.001708734,0.004667373
ISIC_0032338.jpg,VASC,0.073192365,0.37010828,0.035255007,0.024308562,0.014173535,0.01643138,0.4665308
ISIC_0032340.jpg,NV,0.09483947,0.83734226,0.016041134,0.01698374,0.02931742,0.004208992,0.0012668637
ISIC_0032345.jpg,MEL,0.64875746,0.21345712,0.005416311,0.002032279,0.12169104,0.0068067373,0.0018390463
ISIC_0032364.jpg,MEL,0.7980202,0.08724496,0.0007287934,0.0012581215,0.10225562,0.0054822653,0.0050100773
ISIC_0032367.jpg,NV,0.00662214,0.9710921,0.0015808353,0.000106912856,0.003968957,0.006563403,0.010065708
ISIC_0032376.jpg,BCC,0.005240024,0.0018724257,0.9777003,0.004129378,0.0018899939,0.00019453886,0.008973299
ISIC_0032380.jpg,NV,0.114028536,0.83662593,0.0028490506,0.013941065,0.0056201974,0.012859529,0.014075694
ISIC_0032402.jpg,NV,0.0047297874,0.96462536,0.0029282728,0.002727845,0.010016364,0.003930862,0.011041484
ISIC_0032405.jpg,NV,0.07061995,0.8899631,0.0032205794,0.011980057,0.022177178,0.0012848233,0.00075436203
ISIC_0032423.jpg,MEL,0.7861115,0.14035344,0.008783204,0.0043713967,0.058114387,0.00021840363,0.0020476358
ISIC_0032434.jpg,NV,0.0705158,0.76499826,0.026623877,0.0028935545,0.090716094,0.015785865,0.028466616
ISIC_0032442.jpg,NV,0.0028965895,0.98946244,0.0002732144,0.00016237592,0.0026654077,0.0009859046,0.0035540904
ISIC_0032459.jpg,VASC,0.08238078,0.28712666,0.0806592,0.00085951504,0.103275135,0.0008589369,0.44483978
ISIC_0032480.jpg,NV,0.025251254,0.8311783,0.032160778,0.023520892,0.0067037325,0.067564875,0.013620212
ISIC_0032494.jpg,MEL,0.7140764,0.24722324,0.008139437,0.0135194855,0.012259344,0.0016332204,0.003148853
ISIC_0032502.jpg,NV,0.04578994,0.47037566,0.0023167662,0.012372383,0.4579696,0.0066887406,0.004486896
ISIC_0032515.jpg,MEL,0.5054046,0.43179923,0.0016587466,0.0025406405,0.052073993,0.0009484147,0.0055743954
ISIC_0032518.jpg,NV,0.34525833,0.5636321,0.019473104,0.046979178,0.020846955,0.0006449676,0.0031654271
ISIC_0032519.jpg,BCC,0.0060466,0.09247884,0.8920382,0.0018422456,0.004238062,0.0012029763,0.0021531235
ISIC_0032521.jpg,NV,0.20579311,0.3240677,0.15811105,0.10853593,0.040533468,0.015599273,0.14735948
ISIC_0032523.jpg,NV,0.10851614,0.84745467,0.0012427379,0.003758725,0.029729914,0.0035302073,0.0057676774
ISIC_0032525.jpg,MEL,0.74359363,0.16719103,0.00056338886,0.0030565166,0.08333455,0.001072076,0.0011887619
ISIC_0032529.jpg,NV,0.42322028,0.43588638,0.014330405,0.038890433,0.02130658,0.06324906,0.0031168656
ISIC_0032540.jpg,NV,0.23829074,0.7245421,0.006840903,0.0073955175,0.018168868,0.00094281376,0.0038189683
ISIC_0032541.jpg,NV,0.44346914,0.50947756,0.0012662624,0.0036328447,0.030196378,0.0011422437,0.010815614
ISIC_0032542.jpg,MEL,0.6233943,0.35698462,0.00030536213,0.0028588988,0.01571844,8.180809e-05,0.0006565009
ISIC_0032549.jpg,MEL,0.7622687,0.08231937,0.00010379426,0.0001890107,0.1362725,9.655535e-05,0.018750101
ISIC_0032551.jpg,MEL,0.55025697,0.2727541,0.0003905312,0.0019299042,0.172821,0.00016986729,0.0016775903
ISIC_0032554.jpg,MEL,0.45171833,0.43792087,0.009562643,0.007978234,0.06803743,0.019386945,0.005395587
ISIC_0032555.jpg,BKL,0.49092934,0.00430725,7.7610355e-05,0.008119294,0.49622145,0.0002842908,6.0821978e-05
ISIC_0032558.jpg,MEL,0.58685994,0.38882786,0.003205861,0.0017412195,0.012210111,0.0020038572,0.00515117
ISIC_0032563.jpg,BKL,0.13989817,0.25444296,0.042388592,0.002459253,0.5142592,0.034854442,0.011697443
ISIC_0032565.jpg,MEL,0.49060467,0.35941508,0.02110422,0.054326583,0.06949305,0.002332097,0.0027243288
ISIC_0032566.jpg,BKL,0.19789112,0.05997156,0.009433433,0.016721549,0.7136005,0.00091394346,0.0014678657
ISIC_0032571.jpg,NV,0.06653901,0.84296715,0.007971042,0.0265712,0.033873342,0.021383977,0.0006942127
ISIC_0032573.jpg,NV,0.32113,0.34022227,0.033373058,0.019535653,0.2383422,0.040598746,0.00679815
ISIC_0032575.jpg,NV,0.2724266,0.5514878,0.0022966205,0.049780026,0.11740765,0.0050457874,0.0015554782
ISIC_0032578.jpg,NV,0.005401413,0.9555589,0.015791824,0.002723927,0.013969973,0.0035874886,0.0029664005
ISIC_0032581.jpg,NV,0.3728661,0.47397277,0.010071066,0.009188867,0.01887296,0.010769044,0.10425912
ISIC_0032585.jpg,NV,0.43995667,0.5303828,0.0113696335,0.003243538,0.008001213,0.0015332081,0.005512868
ISIC_0032590.jpg,VASC,0.01627604,0.0141674755,0.001517834,0.0039458177,0.022540085,0.0017437554,0.9398091
ISIC_0032591.jpg,MEL,0.48792484,0.41481405,0.01232251,0.030129181,0.04267926,0.0085197175,0.00361047
ISIC_0032593.jpg,MEL,0.86451375,0.111636266,0.0036650002,0.0017286168,0.006010731,0.0019821392,0.010463525
ISIC_0032594.jpg,MEL,0.53588504,0.39658293,0.005934349,0.015705511,0.04137117,0.0013279981,0.0031930534
ISIC_0032595.jpg,MEL,0.5370804,0.44433025,0.0022497377,0.007085328,0.005623181,0.0026345558,0.0009964774
ISIC_0032600.jpg,MEL,0.6208663,0.3284311,0.0029934156,0.012911526,0.020756278,0.0020141723,0.012027231
ISIC_0032607.jpg,NV,0.047892425,0.46985817,0.43546414,0.0237285,0.014361762,0.0039285235,0.0047664624
ISIC_0032609.jpg,NV,0.21060343,0.6104452,0.03321764,0.022336444,0.040867385,0.012689722,0.06984018
ISIC_0032615.jpg,NV,0.370939,0.3859437,0.00050759385,0.002392497,0.23746581,0.0008269952,0.0019244064
ISIC_0032616.jpg,MEL,0.6059505,0.34881115,0.0031357128,0.0024500035,0.03176991,0.0042639384,0.0036187666
ISIC_0032621.jpg,MEL,0.49558508,0.42518803,0.049127627,0.0070736837,0.017834717,0.002236756,0.0029541107
ISIC_0032625.jpg,MEL,0.48256946,0.34733778,0.0032419704,0.0036575096,0.1492916,0.0047302023,0.009171504
ISIC_0032628.jpg,MEL,0.46443978,0.41442832,0.005321701,0.04548287,0.031298995,0.0012128466,0.037815522
ISIC_0032632.jpg,NV,0.030329347,0.62405545,0.002228147,0.0008356484,0.31508026,0.02320133,0.0042698393
ISIC_0032633.jpg,MEL,0.66913724,0.24365203,0.011451971,0.005057554,0.06092078,0.0073756515,0.0024048402
ISIC_0032641.jpg,NV,0.23283474,0.50504774,0.23283222,0.009313196,0.0051688156,0.009574034,0.005229235
ISIC_0032646.jpg,MEL,0.47374535,0.025862549,0.030236086,0.006306955,0.45997584,0.0038312266,4.1961383e-05
ISIC_0032647.jpg,NV,0.011471014,0.97806203,0.00036857635,0.0010091248,0.008127863,0.00083768327,0.00012375598
ISIC_0032649.jpg,NV,0.067882285,0.8621228,0.0011862132,0.0023388183,0.014352251,0.0018316325,0.050286025
ISIC_0032657.jpg,NV,0.43067822,0.52524644,0.0070510916,0.0070875175,0.018545581,0.00088958186,0.010501496
ISIC_0032661.jpg,MEL,0.83409494,0.08496946,0.0014094386,0.021638718,0.04052736,0.001563723,0.01579632
ISIC_0032663.jpg,BKL,0.39380592,0.10890461,0.010021853,0.029405398,0.45506203,0.00078833156,0.0020117569
ISIC_0032666.jpg,NV,0.22691426,0.6434089,0.0005293152,0.00652534,0.10960215,0.007055266,0.0059647886
ISIC_0032668.jpg,NV,0.04124711,0.78618836,0.022882905,0.015066777,0.054227058,0.015450893,0.064936794
ISIC_0032669.jpg,NV,0.2812659,0.6889626,0.0057467115,0.0018375356,0.013633356,0.0019121474,0.0066417377
ISIC_0032670.jpg,NV,0.012790895,0.9627872,0.016694918,0.00042859747,0.0025636533,0.00032240796,0.004412385
ISIC_0032673.jpg,NV,0.437963,0.522004,0.00026559996,0.0011610464,0.035647213,0.00030565835,0.0026534514
ISIC_0032674.jpg,MEL,0.48140636,0.4572099,0.0056186835,0.0021146145,0.01682183,0.00020374221,0.036624957
ISIC_0032677.jpg,BKL,0.13246179,0.18557249,0.010593043,0.10130919,0.5634509,0.0064199553,0.0001926139
ISIC_0032678.jpg,NV,0.075528555,0.87346214,0.013797501,0.0075005796,0.0051056133,0.017364932,0.0072406027
ISIC_0032679.jpg,NV,0.098525725,0.6893573,0.0083009815,0.059477143,0.0626299,0.078288734,0.0034201995
ISIC_0032680.jpg,MEL,0.80460405,0.048154436,0.0028968148,0.003660225,0.13766271,0.0017282483,0.0012934728
ISIC_0032682.jpg,NV,0.038977347,0.663384,0.08472949,0.011458581,0.18944289,0.009120043,0.0028876828
ISIC_0032686.jpg,MEL,0.5972165,0.3786441,0.003613942,0.005043019,0.01169213,0.0027825267,0.0010077942
ISIC_0032691.jpg,NV,0.3992045,0.5116455,0.00491739,0.020577844,0.05978012,0.0026982438,0.0011764255
ISIC_0032701.jpg,MEL,0.6911523,0.29093057,0.0047104675,0.003472832,0.0073779067,0.0006762869,0.001679652
ISIC_0032703.jpg,NV,0.04583268,0.46814826,0.012650334,0.09873113,0.36616215,0.003229993,0.0052454025
ISIC_0032706.jpg,MEL,0.6276312,0.19461174,0.018458456,0.029449968,0.12734441,0.001216374,0.0012878468
ISIC_0032708.jpg,NV,0.3324561,0.5117603,0.0065730936,0.005741156,0.029590126,0.0014863574,0.11239285
ISIC_0032710.jpg,MEL,0.689083,0.27252728,0.006232364,0.0046137315,0.021901997,0.00131927,0.0043224064
ISIC_0032711.jpg,MEL,0.39765847,0.38445315,0.06652831,0.022284145,0.089620575,0.0029074245,0.036547825
ISIC_0032712.jpg,NV,0.032642856,0.9539373,0.00014710573,0.00071888365,0.009310359,0.0030513345,0.00019221845
ISIC_0032713.jpg,NV,0.18308648,0.7003464,0.004455461,0.022319105,0.056110084,0.0010070768,0.0326754
ISIC_0032714.jpg,NV,0.15056759,0.67322165,0.057299327,0.07333293,0.03792221,0.0062030638,0.0014531984
ISIC_0032717.jpg,MEL,0.8875026,0.08580102,0.0010203471,0.0009804561,0.021367364,0.00033388432,0.0029943457
ISIC_0032728.jpg,NV,0.089576006,0.8459049,0.00084377057,0.0030307206,0.021463182,0.011478617,0.02770279
ISIC_0032737.jpg,MEL,0.32761237,0.32596147,0.043088153,0.0123550035,0.059175856,0.15087456,0.08093254
ISIC_0032738.jpg,BCC,0.28015783,0.3146295,0.35091284,0.0014013213,0.031117162,0.0009098592,0.020871464
ISIC_0032743.jpg,NV,0.07964409,0.8560526,0.00074288406,0.0013101775,0.059545632,0.0006278506,0.0020768435
ISIC_0032744.jpg,NV,0.25793666,0.7012376,0.00017369255,0.0049302853,0.031944435,0.0015810659,0.0021962528
ISIC_0032747.jpg,MEL,0.48757216,0.46875486,0.0007045336,0.0021142308,0.036319412,0.00088238117,0.0036524397
ISIC_0032748.jpg,MEL,0.83836514,0.13957962,0.005560071,0.0037169615,0.0055260984,0.0004552883,0.0067968895
ISIC_0032749.jpg,MEL,0.857478,0.053620134,0.0024397962,0.00066751253,0.06360052,0.0019755953,0.0202184
ISIC_0032752.jpg,BKL,0.25389257,0.3130941,0.0006995467,0.0020111336,0.4247089,0.0029423942,0.002651354
ISIC_0032754.jpg,NV,0.12488683,0.71030855,0.004407212,0.042281922,0.080023356,0.037076436,0.0010156507
ISIC_0032755.jpg,NV,0.09286463,0.841324,0.0024946497,0.007427702,0.032850932,0.0002360573,0.02280201
ISIC_0032758.jpg,MEL,0.59064543,0.33745477,0.0077355625,0.0038758528,0.04584183,0.001904674,0.012541932
ISIC_0032760.jpg,NV,0.1470342,0.8110123,0.0055820914,0.013486041,0.0052066906,0.013697272,0.003981434
ISIC_0032761.jpg,NV,0.35150522,0.5921442,0.009624712,0.0050322916,0.029992143,0.0012585481,0.010442904
ISIC_0032762.jpg,NV,0.13594604,0.6259441,0.0054266443,0.051454466,0.15969421,0.011815622,0.00971899
ISIC_0032767.jpg,MEL,0.5456281,0.35329115,0.00051417056,0.020006163,0.078228064,0.00055838795,0.0017740001
ISIC_0032769.jpg,NV,0.31866622,0.5724584,0.005105975,0.014050615,0.071855076,0.017339969,0.00052373135
ISIC_0032770.jpg,NV,0.10401865,0.73352486,0.012799954,0.012823065,0.117697515,0.0047412002,0.014394762
ISIC_0032771.jpg,MEL,0.589271,0.18576609,0.030659385,0.005211364,0.10280391,0.014072879,0.07221542
ISIC_0032772.jpg,NV,0.12857105,0.70974237,0.025677685,0.008466681,0.10748845,0.002168779,0.017885022
ISIC_0032779.jpg,NV,0.043755088,0.8981121,0.013541006,0.008122097,0.024875686,0.010955539,0.0006385356
ISIC_0032781.jpg,NV,0.19344126,0.6964005,0.002591824,0.0046458584,0.085199796,0.01364487,0.0040758746
ISIC_0032784.jpg,NV,0.22311464,0.7301797,0.010053112,0.0040133526,0.018899633,0.0014845058,0.0122550195
ISIC_0032785.jpg,NV,0.24961169,0.71079886,0.0052675745,0.0047255713,0.010646695,0.014490375,0.0044591804
ISIC_0032787.jpg,MEL,0.4779594,0.24807587,0.0053351503,0.010113706,0.22840224,0.0069500646,0.023163583
ISIC_0032788.jpg,BCC,0.03716396,0.029170102,0.89885813,0.013154982,0.014133257,0.0016181505,0.0059014247
ISIC_0032789.jpg,NV,0.005011468,0.8246145,0.033953384,0.0038761802,0.118731275,0.01134481,0.0024684372
ISIC_0032791.jpg,MEL,0.8375965,0.1208268,0.0036181817,0.002038868,0.019498022,0.00036486972,0.016056813
ISIC_0032792.jpg,MEL,0.53444344,0.32263485,0.014093205,0.012405109,0.03394866,0.010500836,0.0719739
ISIC_0032793.jpg,NV,0.25348637,0.7081248,0.0011643264,0.003419143,0.030455792,0.0017005645,0.0016490007
ISIC_0032800.jpg,NV,0.15667523,0.5844805,0.0004024549,0.05390678,0.20276293,0.0007490981,0.001022986
ISIC_0032802.jpg,MEL,0.69731486,0.25609365,0.0027131918,0.008174738,0.034341473,0.0007399525,0.0006221403
ISIC_0032805.jpg,MEL,0.4376225,0.41334254,0.0101592345,0.009975708,0.059374034,0.057852093,0.011673803
ISIC_0032809.jpg,NV,0.22132531,0.42805916,0.29264942,0.03891184,0.01676565,0.0008918167,0.0013967558
ISIC_0032811.jpg,NV,0.13576324,0.73174745,0.0033929285,0.0021892567,0.08142403,0.034333766,0.01114929
ISIC_0032814.jpg,MEL,0.5502581,0.3905694,0.0005913242,0.0014454026,0.04831779,0.0023456884,0.0064723073
ISIC_0032815.jpg,MEL,0.895971,0.066870585,0.005048476,0.0010709831,0.029378215,0.00045263136,0.0012081071
ISIC_0032821.jpg,MEL,0.7790039,0.16117547,0.006467066,0.012028408,0.032050185,0.0019225989,0.0073523624
ISIC_0032822.jpg,MEL,0.72700655,0.17812626,0.0021205517,0.000792025,0.09069791,0.00038403703,0.00087267533
ISIC_0032824.jpg,NV,0.022000102,0.8276176,0.038401075,0.008148829,0.0034834566,0.03704961,0.063299246
ISIC_0032846.jpg,BKL,0.3632863,0.17536329,0.00038746445,0.005639871,0.42883623,0.00037602062,0.02611092
ISIC_0032848.jpg,NV,0.266726,0.58428925,0.0012893373,0.005189253,0.1316981,0.0064522685,0.0043558115
ISIC_0032849.jpg,MEL,0.26546156,0.25152314,0.0019658764,0.1888817,0.24330309,0.031645805,0.01721886
ISIC_0032851.jpg,NV,0.34900102,0.56324446,0.008741231,0.042418707,0.012551441,0.0020833386,0.021959733
ISIC_0032852.jpg,NV,0.29494482,0.5808474,0.002254876,0.0068179574,0.10633835,0.0043327883,0.004463797
ISIC_0032855.jpg,NV,0.03359692,0.37263107,0.23745558,0.00090173015,0.2132146,0.13844296,0.0037570805
ISIC_0032861.jpg,MEL,0.7790312,0.05639813,0.013463513,0.011475455,0.10496425,0.016686227,0.017981216
ISIC_0032864.jpg,MEL,0.6961842,0.25979745,0.010803845,0.0098973345,0.015473913,0.00042642344,0.007416771
ISIC_0032865.jpg,NV,0.11038064,0.8735378,0.00333138,0.003929455,0.0039851004,0.00245214,0.0023835346
ISIC_0032871.jpg,NV,0.34948635,0.62043554,0.0010187108,0.00293903,0.020834688,0.0012631024,0.004022512
ISIC_0032874.jpg,MEL,0.72740227,0.25207722,0.00022066657,0.00048070762,0.010624704,0.0008762702,0.0083181495
ISIC_0032880.jpg,NV,0.34073043,0.6445787,0.002044412,0.0009833792,0.007993559,0.0001709056,0.0034986325
ISIC_0032881.jpg,MEL,0.49354985,0.47888458,0.0060612415,0.006268672,0.007226112,0.0012164683,0.006793093
ISIC_0032884.jpg,NV,0.066710226,0.92737955,0.0001425548,0.0018181329,0.003030717,0.00069618295,0.00022269665
ISIC_0032885.jpg,MEL,0.60328704,0.37625045,0.0033135505,0.000841808,0.011380045,0.00023787531,0.004689225
ISIC_0032886.jpg,NV,0.039576747,0.93119025,0.0014396632,0.0007658439,0.012399652,0.005553869,0.009073963
ISIC_0032895.jpg,NV,0.30478668,0.38190487,0.0011676245,0.0011103397,0.3037668,0.00096133136,0.006302368
ISIC_0032896.jpg,NV,0.013574702,0.9703882,0.00041403735,0.0064547868,0.008217537,0.00016380164,0.0007869204
ISIC_0032899.jpg,MEL,0.8567697,0.12553294,0.006260243,0.0022820828,0.006503601,0.0012457944,0.0014055335
ISIC_0032900.jpg,NV,0.016455641,0.97594315,0.00041433732,0.000926923,0.004237256,0.00021857407,0.0018040792
ISIC_0032901.jpg,NV,0.15762584,0.64343107,0.020746408,0.00081079063,0.13234375,0.0005660404,0.044476107
ISIC_0032907.jpg,NV,0.33843252,0.6163349,0.0015897253,0.0026149657,0.031685375,0.0064169783,0.0029254793
ISIC_0032911.jpg,NV,0.0104850065,0.6756475,0.043952055,0.00042884145,0.021307139,0.18243039,0.06574914
ISIC_0032912.jpg,NV,0.4553879,0.5026813,0.00042180083,0.0012401016,0.035149433,0.00017965316,0.004939774
ISIC_0032914.jpg,MEL,0.89730763,0.013212606,0.03279092,0.0075661647,0.04579664,0.0020970716,0.0012289252
ISIC_0032916.jpg,NV,0.31400505,0.6294433,0.008318515,0.0044592684,0.006053729,0.0053794812,0.03234068
ISIC_0032923.jpg,NV,0.14085108,0.7110185,0.013934037,0.004048739,0.100276545,0.0039644116,0.02590671
ISIC_0032928.jpg,MEL,0.5575519,0.42097205,0.0034887411,0.008201522,0.005708484,0.0006104262,0.0034668741
ISIC_0032930.jpg,NV,0.18455005,0.5412575,0.04425023,0.09456516,0.12699035,0.0061870697,0.0021996703
ISIC_0032935.jpg,NV,0.14192848,0.7462789,0.0028174461,0.0037390208,0.0546232,0.044274334,0.006338753
ISIC_0032939.jpg,NV,0.45880377,0.47687653,0.00041415807,0.0019869816,0.059845585,0.00063510414,0.0014379104
ISIC_0032942.jpg,NV,0.042429972,0.9123969,0.00030703103,0.00073091633,0.041277424,0.0008023125,0.002055374
ISIC_0032944.jpg,VASC,0.033255488,0.084353074,0.045924664,0.021260446,0.13276404,0.092378505,0.5900638
ISIC_0032945.jpg,NV,0.015407067,0.6071124,0.3213615,0.0054839402,0.01862763,0.030302767,0.0017046604
ISIC_0032946.jpg,NV,0.10294695,0.43033576,0.016937677,0.008101248,0.06922029,0.33964747,0.03281063
ISIC_0032948.jpg,MEL,0.63130105,0.25059745,0.002794225,0.0035149932,0.104095235,0.0053522843,0.002344719
ISIC_0032950.jpg,MEL,0.6258284,0.119268805,0.0244186,0.0053422763,0.22276777,0.0012729082,0.0011012583
ISIC_0032951.jpg,NV,0.011020036,0.33873937,0.16871497,0.17969613,0.17443472,0.11235399,0.0150408745
ISIC_0032952.jpg,NV,0.1480719,0.80852306,0.0023684297,0.0016028257,0.03454701,0.00034156555,0.0045451587
ISIC_0032954.jpg,MEL,0.40636176,0.38548425,0.033641994,0.10151447,0.03653205,0.0023833353,0.034082115
ISIC_0032962.jpg,BCC,0.05288605,0.3502668,0.4669507,0.0034494495,0.0814901,0.003034999,0.0419219
ISIC_0032964.jpg,NV,0.114558965,0.8821248,1.5775267e-05,0.00013544674,0.001221182,0.00030077322,0.0016430324
ISIC_0032973.jpg,MEL,0.5622365,0.37750193,0.005050469,0.0039606476,0.044053495,0.002915052,0.004281926
ISIC_0032977.jpg,MEL,0.7380075,0.21678165,0.00050605775,0.001482182,0.039106887,0.0026222116,0.0014935788
ISIC_0032979.jpg,MEL,0.702729,0.043713756,0.0057978514,0.0007658209,0.16464768,0.010503174,0.07184269
ISIC_0032980.jpg,NV,0.28868982,0.3343315,0.2854027,0.0012891986,0.0597181,0.0038883123,0.026680397
ISIC_0032986.jpg,NV,0.008667486,0.86414224,0.01850414,0.00050100096,0.007087266,0.08034526,0.02075263
ISIC_0032992.jpg,NV,0.061454207,0.87001157,0.0022088697,0.013192066,0.03794562,0.013918851,0.0012689008
ISIC_0032994.jpg,MEL,0.5648652,0.1172703,0.0035148042,0.0050166915,0.29926068,0.004794758,0.005277614
ISIC_0032995.jpg,NV,0.085708186,0.42417634,0.015756411,0.15589441,0.2333756,0.08185848,0.0032305503
ISIC_0032998.jpg,BKL,0.27785823,0.30122307,0.02668494,0.041194554,0.32904157,0.016968908,0.007028792
ISIC_0033003.jpg,MEL,0.61786664,0.30514237,0.019510174,0.0044911285,0.034570035,0.014779209,0.0036403753
ISIC_0033008.jpg,MEL,0.5290812,0.34802544,0.0011705252,0.008397631,0.10993186,0.0010882406,0.0023049978
ISIC_0033009.jpg,NV,0.12720464,0.60490936,0.032945514,0.013550547,0.18303737,0.013658356,0.024694271
ISIC_0033010.jpg,NV,0.3637059,0.597185,0.006063307,0.0062304107,0.008270405,0.003313002,0.0152320275
ISIC_0033013.jpg,NV,0.23979777,0.40399525,0.020054204,0.035071906,0.3003387,0.00018826865,0.00055399013
ISIC_0033018.jpg,MEL,0.5224282,0.44852832,0.003913506,0.0036240467,0.013582466,0.0037307248,0.004192727
ISIC_0033021.jpg,NV,0.062398195,0.9233106,0.0007930271,0.0019286058,0.0071392083,0.0016717893,0.0027585947
ISIC_0033028.jpg,NV,0.26465398,0.36037144,0.0065854555,0.010683719,0.33729774,0.0146932285,0.0057144435
ISIC_0033030.jpg,MEL,0.8203375,0.09303454,0.00051271997,0.00059250806,0.07969871,0.000699421,0.005124545
ISIC_0033032.jpg,NV,0.09187561,0.8848206,0.0036942891,0.0036382568,0.0058596735,0.0021928768,0.007918598
ISIC_0033033.jpg,NV,0.09984106,0.8249902,0.0020034474,0.00081484736,0.053366173,0.002739327,0.01624485
ISIC_0033039.jpg,NV,0.048192337,0.85517657,0.007934057,0.04252915,0.017015675,0.017739514,0.011412721
ISIC_0033040.jpg,NV,0.36639446,0.5301818,0.0022668955,0.008286555,0.08745105,0.004742956,0.0006763141
ISIC_0033043.jpg,NV,0.03246865,0.8983643,0.003178648,0.0012542253,0.012007069,0.03345923,0.0192678
ISIC_0033044.jpg,DF,0.02514995,0.15605582,0.045043327,0.03392147,0.2788114,0.44954613,0.011471895
ISIC_0033046.jpg,MEL,0.5447323,0.14130169,0.0040873,0.012172595,0.07443064,0.00012834316,0.22314723
ISIC_0033048.jpg,MEL,0.40696535,0.28593367,0.11786778,0.028081307,0.037692882,0.11820784,0.0052511934
ISIC_0033053.jpg,MEL,0.42337942,0.37561,0.015812995,0.013412116,0.020960351,0.0011060396,0.14971918
ISIC_0033058.jpg,MEL,0.44962338,0.26932988,0.0010482433,0.009256566,0.2697759,0.00037406452,0.00059203984
ISIC_0033059.jpg,NV,0.1395117,0.8434889,0.0010412876,0.0010613219,0.0112821385,0.0027891,0.00082562043
ISIC_0033062.jpg,NV,0.3772929,0.3966531,0.00043201164,0.0028344297,0.22166735,0.0006765888,0.00044367212
ISIC_0033064.jpg,NV,0.17494236,0.6890299,0.0030003465,0.0042275125,0.1074923,0.0038891668,0.017418431
ISIC_0033065.jpg,NV,0.20993362,0.7231232,0.00031267694,0.005125724,0.04823576,0.010695091,0.0025739209
ISIC_0033067.jpg,MEL,0.55117553,0.19300103,0.02466054,0.013478274,0.17064041,0.0043101613,0.042734105
ISIC_0033071.jpg,NV,0.21674322,0.3834408,0.08698657,0.013422162,0.270014,0.024070852,0.005322365
ISIC_0033072.jpg,BCC,0.19467333,0.13158825,0.6054166,0.0065496014,0.013543498,0.010639114,0.03758961
ISIC_0033077.jpg,NV,0.25912273,0.7259418,0.00075416884,0.0007639529,0.009603175,0.00046230678,0.00335189
ISIC_0033078.jpg,NV,0.13420558,0.41954687,0.009899257,0.013399446,0.0766,0.01927164,0.3270773
ISIC_0033080.jpg,NV,0.31521085,0.62740093,0.011865646,0.007913872,0.020411268,0.012823999,0.004373536
ISIC_0033083.jpg,MEL,0.9612988,0.02436705,0.0011050082,0.0011796947,0.010513336,8.3185936e-05,0.0014528245
ISIC_0033087.jpg,NV,0.14151259,0.822524,0.0034753536,0.0039503234,0.022653405,0.0031521197,0.002732201
ISIC_0033090.jpg,NV,0.3978827,0.56246924,0.0024510766,0.0034365251,0.024721596,0.001030304,0.008008566
ISIC_0033093.jpg,MEL,0.6746402,0.11567409,0.0015559858,0.010119244,0.19256362,0.0050914115,0.0003555078
ISIC_0033094.jpg,MEL,0.6207236,0.29564688,0.0043438026,0.015413658,0.051636636,0.00586386,0.0063715274
ISIC_0033097.jpg,MEL,0.54872227,0.023291726,0.0029169153,0.070052885,0.3508397,0.0038857686,0.00029071898
ISIC_0033098.jpg,NV,0.00095081876,0.6239277,0.36556175,0.0001523033,0.0051199356,0.0003372014,0.003950266
ISIC_0033100.jpg,AKIEC,0.22373381,0.0918935,0.11519571,0.37144068,0.18710807,0.009860082,0.00076815026
ISIC_0033102.jpg,MEL,0.8066883,0.18026964,0.00018561784,0.001029886,0.010855053,0.0002793153,0.00069215184
ISIC_0033104.jpg,MEL,0.8445793,0.044476055,0.0040325774,0.002562375,0.08278886,0.0029677434,0.018593138
ISIC_0033105.jpg,NV,0.42656934,0.48645562,0.0035905368,0.058808584,0.019536557,0.0026988634,0.0023405326
ISIC_0033109.jpg,NV,0.010798932,0.742432,0.039122615,0.005775136,0.019972466,0.14506795,0.036830865
ISIC_0033110.jpg,NV,0.298187,0.6263298,0.0020435157,0.004908646,0.06485056,0.00201413,0.0016663489
ISIC_0033111.jpg,NV,0.040312555,0.93392545,0.0003967362,0.00066291925,0.014237077,0.0012766438,0.009188694
ISIC_0033112.jpg,VASC,0.22467442,0.042731397,0.00433393,0.0011794507,0.022579856,0.0017313919,0.7027696
ISIC_0033113.jpg,NV,0.24773568,0.70768857,0.0023984706,0.0035815975,0.025719887,0.004684746,0.008191016
ISIC_0033115.jpg,MEL,0.46518323,0.24871837,0.011179601,0.011017561,0.23268649,0.028280208,0.0029346754
ISIC_0033116.jpg,NV,0.16521084,0.79848754,0.016956965,0.011628549,0.0064999647,0.0007498718,0.00046620396
ISIC_0033118.jpg,BCC,0.0028637208,0.14975892,0.78429407,0.00876934,0.04403798,0.009427946,0.0008479007
ISIC_0033119.jpg,NV,0.15951037,0.68591404,0.0076567996,0.07374848,0.008369641,0.050658952,0.0141417105
ISIC_0033121.jpg,NV,0.2596797,0.70118725,0.0006226317,0.0041743014,0.009948502,0.0018419902,0.02254561
ISIC_0033132.jpg,BKL,0.22130185,0.040146615,0.00034176908,0.0024620225,0.73240936,0.003311827,2.6565016e-05
ISIC_0033136.jpg,VASC,0.06562222,0.07460504,0.0008945823,0.001760977,0.086389035,0.0022666878,0.7684615
ISIC_0033137.jpg,VASC,0.0038082064,0.29789567,0.0025864136,0.00044331042,0.0023849495,0.0029404815,0.6899409
ISIC_0033140.jpg,NV,0.45837045,0.52190787,0.00209577,0.0069894088,0.0071593663,0.0012610119,0.0022161356
ISIC_0033144.jpg,MEL,0.76130223,0.20616527,0.0022313977,0.007961303,0.00946974,0.00096506765,0.0119050285
ISIC_0033148.jpg,NV,0.01258845,0.88793445,0.026032187,0.0029491899,0.023683252,0.022883182,0.023929225
ISIC_0033149.jpg,NV,0.33646312,0.6074701,0.0023944874,0.0020477143,0.04600961,0.0006774469,0.0049374816
ISIC_0033150.jpg,NV,0.10020883,0.7849421,0.0026182444,0.0047526173,0.08421131,0.016618388,0.006648503
ISIC_0033153.jpg,NV,0.022195786,0.56596553,0.005009301,0.0046576145,0.07403057,0.3181079,0.010033269
ISIC_0033157.jpg,NV,0.010792322,0.95719784,0.0030754376,0.00056611956,0.018923398,0.004297051,0.0051477985
ISIC_0033159.jpg,NV,0.33426705,0.6119363,0.0067681186,0.006541634,0.029737813,0.0030346706,0.0077144075
ISIC_0033160.jpg,NV,0.17303371,0.56914794,0.01778725,0.0141813075,0.18683918,0.003196853,0.035813745
ISIC_0033161.jpg,BKL,0.121848464,0.20345563,0.0077773486,0.0061977813,0.6038247,0.005368239,0.051527865
ISIC_0033164.jpg,NV,0.06455538,0.8068283,0.0067526978,0.08604689,0.007266529,0.023151604,0.00539862
ISIC_0033165.jpg,NV,0.12611978,0.5551567,0.0025251897,0.007824594,0.09367342,0.001889492,0.21281078
ISIC_0033167.jpg,NV,0.17685924,0.7891341,0.004857381,0.0035368726,0.014038565,0.00094166957,0.010632173
ISIC_0033168.jpg,NV,0.1742347,0.47358444,0.009659639,0.01282292,0.31950495,0.0018130435,0.008380283
ISIC_0033173.jpg,NV,0.30495337,0.65527,0.0007975988,0.012196414,0.015628008,0.009293834,0.0018608205
ISIC_0033179.jpg,VASC,0.15792668,0.18334281,0.012347318,0.005585293,0.11310381,0.0057323463,0.52196175
ISIC_0033181.jpg,VASC,0.038567647,0.030255536,0.001115522,0.0001450705,0.030573294,0.0048934603,0.8944494
ISIC_0033187.jpg,MEL,0.4115646,0.40816978,0.0070995227,0.016218757,0.14218134,0.005448293,0.00931779
ISIC_0033189.jpg,NV,0.13232766,0.46378028,0.0016345254,0.19540663,0.17597933,0.0212883,0.009583266
ISIC_0033190.jpg,NV,0.08876988,0.88064486,0.00085649954,0.0020399988,0.025945023,0.0009354772,0.0008082318
ISIC_0033191.jpg,VASC,0.035381585,0.42461547,0.0020231437,0.0032539123,0.0044020414,0.0024170578,0.5279068
ISIC_0033197.jpg,NV,0.33529404,0.6318091,0.0016045129,0.0149669135,0.009258499,0.0017041115,0.0053628148
ISIC_0033202.jpg,NV,0.12605557,0.4736477,0.016799092,0.0046974393,0.28100058,0.0023366497,0.09546284
ISIC_0033208.jpg,NV,0.37026456,0.51568764,0.038295817,0.013404939,0.02668453,0.029466353,0.006196168
ISIC_0033211.jpg,BKL,0.085397646,0.13624611,0.018600574,0.0041862354,0.71259856,0.038758162,0.0042126453
ISIC_0033220.jpg,NV,0.30260468,0.68502706,0.0004117208,0.004185408,0.0060029724,0.00022407684,0.0015440068
ISIC_0033221.jpg,MEL,0.80220914,0.1230666,0.002557267,8.020484e-05,0.07114506,0.00026663856,0.0006750632
ISIC_0033223.jpg,NV,0.12135783,0.7665497,0.0084336195,0.0034317744,0.08581268,0.0046533733,0.009761003
ISIC_0033224.jpg,MEL,0.748621,0.04542543,0.00150081,0.0007018867,0.2015185,0.0014528396,0.0007795342
ISIC_0033225.jpg,NV,0.3658523,0.56713635,0.008171407,0.00022078917,0.05500337,0.0022746075,0.0013412399
ISIC_0033227.jpg,MEL,0.9005519,0.07676711,0.00064169825,0.00893231,0.011949789,0.00048935617,0.0006677571
ISIC_0033228.jpg,NV,0.26676467,0.62389094,0.0021219512,0.0017542256,0.09705819,0.005132755,0.003277217
ISIC_0033233.jpg,NV,0.11833119,0.8106475,0.008097674,0.00044045816,0.05494487,0.0048206127,0.002717658
ISIC_0033234.jpg,MEL,0.5956533,0.31434175,0.0011887248,0.0066890614,0.08086983,0.0005737655,0.00068356784
ISIC_0033236.jpg,NV,0.10794427,0.86883897,0.0053286394,0.0011437889,0.010157586,0.00081510143,0.005771604
ISIC_0033237.jpg,NV,0.34521452,0.5866724,0.00051330717,0.0045244857,0.05382483,0.008619912,0.0006305674
ISIC_0033250.jpg,NV,0.030403117,0.7286229,0.025624368,0.006046401,0.041499335,0.0011046027,0.16669925
ISIC_0033251.jpg,NV,0.2756311,0.53972447,0.058371596,0.011704691,0.11291516,0.000838377,0.0008146033
ISIC_0033253.jpg,MEL,0.5020144,0.4778495,0.0006283458,0.003567982,0.01430607,0.0008080895,0.00082560244
ISIC_0033259.jpg,NV,0.30375767,0.6577432,0.004320139,0.012565613,0.014847075,0.004051056,0.002715228
ISIC_0033273.jpg,NV,0.033380024,0.94124323,0.005290044,0.005445633,0.0013293602,0.0018832656,0.011428441
ISIC_0033276.jpg,MEL,0.7052569,0.16645287,0.003755203,0.010674083,0.107925884,0.0012567713,0.004678286
ISIC_0033277.jpg,NV,0.13625903,0.7386016,0.002772388,0.043040924,0.061930675,0.0027434512,0.014651889
ISIC_0033281.jpg,MEL,0.6932744,0.2209693,0.0045614224,0.0052818465,0.063793615,0.0014102343,0.010709218
ISIC_0033285.jpg,NV,0.20712934,0.7069548,0.0011167965,0.0011332886,0.07815092,0.0014111075,0.004103846
ISIC_0033288.jpg,NV,0.0690752,0.9154595,0.0010661536,0.004005839,0.00805396,0.0007611013,0.0015782875
ISIC_0033290.jpg,NV,0.3237957,0.65736556,6.371745e-05,0.0003372891,0.01106496,0.0025731008,0.0047996687
ISIC_0033291.jpg,NV,0.16468877,0.7957125,0.0014314937,0.00843368,0.01184605,0.014246875,0.0036405956
ISIC_0033292.jpg,BCC,0.10801629,0.038204975,0.5780456,0.071724124,0.19686389,0.0045439126,0.0026012
ISIC_0033296.jpg,MEL,0.4801582,0.47902554,0.01159183,0.013736774,0.0079440335,0.0027690616,0.004774541
ISIC_0033297.jpg,NV,0.13973919,0.4036095,0.31769902,0.07819263,0.046615403,0.007497244,0.0066469493
ISIC_0033309.jpg,NV,0.3023255,0.31353462,0.006630303,0.096763454,0.26377916,0.013916119,0.0030508828
ISIC_0033313.jpg,BKL,0.074830905,0.22650982,0.104349315,0.002938859,0.48936,0.004817731,0.09719334
ISIC_0033315.jpg,NV,0.09026874,0.8741824,0.0026280626,0.0041167056,0.0015770533,0.0030479068,0.024179144
ISIC_0033316.jpg,MEL,0.5701685,0.08578816,0.0006910362,0.002296952,0.30933535,0.0030287672,0.028691186
ISIC_0033318.jpg,MEL,0.9390185,0.04981271,0.0001702327,0.0024088954,0.007987131,9.1626585e-05,0.00051089516
ISIC_0033326.jpg,MEL,0.91321254,0.031831734,0.00017956164,0.0036723595,0.04974285,0.00013928705,0.0012216369
ISIC_0033327.jpg,MEL,0.58042675,0.3873879,0.0016561418,0.006148708,0.018085118,0.0014311473,0.0048642238
ISIC_0033328.jpg,BCC,0.05216748,0.38265568,0.5060504,0.009089868,0.037503105,0.009866841,0.0026666345
ISIC_0033329.jpg,NV,0.21981594,0.710184,0.0025849126,0.03128155,0.007829033,0.008307438,0.01999704
ISIC_0033330.jpg,NV,0.018729866,0.9501509,0.0013337035,0.001340803,0.01965384,0.0048692375,0.003921599
ISIC_0033331.jpg,NV,0.25126413,0.69169515,0.0036888684,0.0064647472,0.041247897,0.0046048206,0.0010343501
ISIC_0033332.jpg,NV,0.0067144213,0.96694034,0.01766916,0.00021518464,0.0045462865,0.0009031477,0.0030114758
ISIC_0033334.jpg,NV,0.0045030904,0.9648101,0.0100758,0.00042502297,0.010750888,0.0039670183,0.005468138
ISIC_0033338.jpg,MEL,0.94242185,0.030588984,0.0048905113,0.0037617488,0.0174305,0.0003724909,0.00053391955
ISIC_0033339.jpg,NV,0.07842708,0.43956566,0.009728475,0.0087075895,0.024134928,0.00094606867,0.43849027
ISIC_0033340.jpg,MEL,0.28823474,0.10536132,0.070015416,0.2541528,0.26704895,0.012845182,0.0023415869
ISIC_0033341.jpg,MEL,0.43445662,0.43368655,0.0005314118,0.0045951367,0.11849968,0.0014674591,0.006763151
ISIC_0033343.jpg,NV,0.0009980109,0.59842783,0.34378865,0.019344386,0.003449573,0.0149472505,0.019044267
ISIC_0033345.jpg,MEL,0.5845368,0.39007464,0.0011375826,0.001267845,0.020176739,0.0011977381,0.0016086447
ISIC_0033346.jpg,NV,0.16644207,0.71762365,0.0060012275,0.011258351,0.075793326,0.012250854,0.010630468
ISIC_0033347.jpg,NV,0.042391703,0.69494677,0.003373086,0.0015615447,0.030752324,0.023217417,0.20375717
ISIC_0033348.jpg,MEL,0.55853784,0.335816,0.011356759,0.025295652,0.023540525,0.044975974,0.0004772297
ISIC_0033350.jpg,NV,0.4016943,0.5469847,0.007322759,0.0028451274,0.02493435,0.0034920003,0.012726755
ISIC_0033352.jpg,MEL,0.6885505,0.2753538,0.0069544804,0.010567558,0.014460439,0.0011692402,0.0029440608
ISIC_0033353.jpg,NV,0.0061506066,0.8863781,0.025824849,0.005351973,0.0027890005,0.071263485,0.0022419035
ISIC_0033355.jpg,MEL,0.8470973,0.13386673,0.0029967304,0.0005323373,0.010913321,0.0021417462,0.002451841
ISIC_0033356.jpg,NV,0.29266325,0.544849,0.00669653,0.094221726,0.024428912,0.0152622685,0.021878412
ISIC_0033357.jpg,NV,0.30104557,0.5760231,0.0061239838,0.0034681682,0.051284723,0.0038401717,0.05821432
ISIC_0033359.jpg,MEL,0.7944476,0.06741636,0.013121143,0.0020286958,0.11299122,0.0038988811,0.0060960785
ISIC_0033360.jpg,MEL,0.8967997,0.0138077885,0.005340126,0.0045221914,0.0753916,0.0010544765,0.0030841988
ISIC_0033365.jpg,MEL,0.8586745,0.08329971,0.0009884022,0.0041917516,0.042568233,0.0015949827,0.008682414
ISIC_0033370.jpg,MEL,0.62130886,0.2929835,0.0012637686,0.009117029,0.059300747,0.0029113523,0.013114736
ISIC_0033373.jpg,NV,0.008884712,0.5510252,0.005192996,0.0011883558,0.41903666,0.013243886,0.0014282102
ISIC_0033374.jpg,NV,0.002922055,0.7140585,0.26085517,0.0007634848,0.0010920599,0.0033238248,0.016984899
ISIC_0033375.jpg,NV,0.14914218,0.78710467,0.00062493776,0.0032518823,0.028355913,0.0014676448,0.030052865
ISIC_0033380.jpg,NV,0.12374035,0.51640093,0.009971358,0.08151869,0.031332247,0.23296551,0.004070958
ISIC_0033381.jpg,MEL,0.54301107,0.33835363,0.014044684,0.01599258,0.06257441,0.016580518,0.009443125
ISIC_0033383.jpg,NV,0.11893595,0.80540925,0.009501913,0.00073230366,0.0017123402,0.0011236245,0.06258456
ISIC_0033388.jpg,NV,0.03404091,0.9452434,0.0061152633,0.0016009985,0.002570662,0.002894482,0.0075343335
ISIC_0033389.jpg,MEL,0.48274162,0.15165131,0.00011324112,0.054535434,0.12266529,0.0001751418,0.18811797
ISIC_0033390.jpg,NV,0.17872003,0.629381,0.002263359,0.019370228,0.16573614,0.003575075,0.00095424335
ISIC_0033395.jpg,MEL,0.89749676,0.09392883,0.0015529189,0.0017080561,0.0029209526,0.00028636368,0.0021061064
ISIC_0033396.jpg,NV,0.025358854,0.506934,0.3829249,0.05440404,0.01682526,0.0032730524,0.010279893
ISIC_0033402.jpg,NV,0.2535207,0.56225926,0.06971919,0.022333903,0.06776667,0.016940458,0.0074597937
ISIC_0033407.jpg,NV,0.43319374,0.5188797,0.00060339057,0.001157474,0.024082854,0.0014524651,0.020630404
ISIC_0033409.jpg,MEL,0.59837705,0.3273805,0.0010578156,0.029953076,0.036430188,0.0065718736,0.00022941067
ISIC_0033411.jpg,BCC,0.19896473,0.22707488,0.44629452,0.0004758536,0.115359396,0.0029358668,0.008894814
ISIC_0033412.jpg,MEL,0.6514077,0.13937515,0.006077647,0.09099303,0.09614757,0.009646979,0.006351937
ISIC_0033417.jpg,NV,0.027148023,0.7353975,0.089433804,0.0014155386,0.011131319,0.08858844,0.046885334
ISIC_0033418.jpg,NV,0.10104186,0.83928615,0.0022160746,0.002246876,0.04773678,0.0053521274,0.0021200308
ISIC_0033419.jpg,NV,0.045363437,0.6910522,0.017618045,0.024245158,0.13821964,0.078586385,0.0049151066
ISIC_0033420.jpg,MEL,0.9512714,0.03154697,8.354431e-05,0.00042498068,0.016203206,0.00010700297,0.00036299028
ISIC_0033421.jpg,NV,0.17347974,0.70570964,0.0116374865,0.049270555,0.05181566,0.0060785864,0.00200833
ISIC_0033423.jpg,MEL,0.6680466,0.26759583,0.018500445,0.003496232,0.015483952,0.0019242199,0.024952658
ISIC_0033425.jpg,MEL,0.6479504,0.27208138,0.030256443,0.011002054,0.031167395,0.00067243626,0.006869834
ISIC_0033427.jpg,MEL,0.515007,0.27638528,0.13462026,0.013207915,0.012217931,0.0025536583,0.046007954
ISIC_0033430.jpg,BKL,0.13160047,0.06845633,0.014827667,0.012606065,0.7236735,0.045343194,0.0034926597
ISIC_0033435.jpg,NV,0.009426077,0.9609506,0.0002066459,0.002148748,0.026002046,0.00062196294,0.00064390176
ISIC_0033441.jpg,NV,0.09013696,0.87268764,0.012840437,0.0013835102,0.00784117,0.00058976316,0.014520539
ISIC_0033445.jpg,NV,0.07211309,0.8814313,9.441796e-05,0.00044159198,0.014743426,0.0003894559,0.03078678
ISIC_0033448.jpg,NV,0.14055692,0.836624,0.0005037062,0.0005530361,0.005604849,0.0016758493,0.014481588
ISIC_0033457.jpg,BKL,0.033623975,0.25477332,0.010279544,0.0050703906,0.67862695,0.015011457,0.0026143368
ISIC_0033459.jpg,NV,0.1813749,0.78450686,0.0019621453,0.0032695378,0.027338043,0.0006028967,0.00094555516
ISIC_0033461.jpg,NV,0.24842869,0.624011,0.04559272,0.01557191,0.026923386,0.0063284347,0.03314392
ISIC_0033463.jpg,NV,0.31736603,0.5313362,0.016056439,0.01053926,0.06067281,0.0012112706,0.06281795
ISIC_0033474.jpg,MEL,0.6004789,0.13388361,0.0040197265,0.113866515,0.14050029,0.0067267506,0.00052421493
ISIC_0033481.jpg,NV,0.16121742,0.6881939,0.032033257,0.11010957,0.0051248414,0.0026569737,0.0006640015
ISIC_0033484.jpg,DF,0.0041296063,0.019504875,0.060713876,0.24565572,0.0020120488,0.6666732,0.0013106957
ISIC_0033489.jpg,BKL,0.16591328,0.06781401,0.000930862,0.003601602,0.75773984,0.0019195916,0.0020808503
ISIC_0033492.jpg,MEL,0.9544525,0.029951334,0.00019535072,0.0006757311,0.014436515,0.0001162816,0.00017221367
ISIC_0033495.jpg,NV,0.09683407,0.76830584,0.031554483,0.04606059,0.03088677,0.004084163,0.02227414
ISIC_0033497.jpg,MEL,0.419625,0.38474706,0.0020318637,0.037035134,0.10641124,0.036645137,0.01350456
ISIC_0033501.jpg,MEL,0.48684782,0.17476505,0.00071367854,0.17704688,0.14667514,0.013858,9.347312e-05
ISIC_0033502.jpg,NV,0.0021002484,0.8658243,0.04512913,0.015263603,0.027610574,0.037181266,0.0068909554
ISIC_0033503.jpg,MEL,0.94447184,0.0313201,0.00033011328,0.011411697,0.009614347,0.0002816608,0.0025703278
ISIC_0033506.jpg,NV,0.20696986,0.7292462,0.00074742915,0.00074153265,0.040651992,0.0068097436,0.01483317
ISIC_0033508.jpg,MEL,0.55485505,0.36513194,0.016155997,0.012225527,0.031731877,0.0033814416,0.016518181
ISIC_0033510.jpg,BKL,0.12722322,0.015304407,0.0073687052,0.0032329103,0.8464573,8.647261e-06,0.0004047031
ISIC_0033511.jpg,NV,0.4223816,0.5512259,0.0034689703,0.0072310246,0.011618421,0.002391348,0.0016827014
ISIC_0033512.jpg,BCC,0.0569056,0.0362473,0.8702045,0.0039638975,0.011295967,0.00065216,0.020730475
ISIC_0033513.jpg,NV,0.34191793,0.5840239,0.00041956262,0.0012526681,0.06556345,0.0010588395,0.005763655
ISIC_0033514.jpg,NV,0.12171324,0.6407644,0.0064033493,0.04805028,0.17588077,0.0021853156,0.0050026714
ISIC_0033516.jpg,NV,0.29726502,0.5649147,0.010080421,0.0045228833,0.08360527,0.0011555861,0.038456164
ISIC_0033519.jpg,MEL,0.53031427,0.3861895,0.0020936355,0.004799141,0.039345764,0.0039784135,0.033279225
ISIC_0033521.jpg,MEL,0.5764637,0.21387976,0.011094923,0.011086452,0.17962852,0.005727628,0.0021190327
ISIC_0033525.jpg,MEL,0.87485385,0.056537706,0.000300474,0.00094448985,0.06588451,0.00023162235,0.001247446
ISIC_0033527.jpg,NV,0.38225877,0.5098411,0.00094924343,0.007110682,0.081514835,0.01733396,0.0009914164
ISIC_0033530.jpg,MEL,0.9431064,0.046495125,0.00041388624,0.00039517524,0.008727176,0.00034308166,0.00051916135
ISIC_0033532.jpg,NV,0.11873003,0.8703192,0.00032484363,0.0018748279,0.004986399,0.0010637812,0.0027008967
ISIC_0033535.jpg,NV,0.15964222,0.6210132,0.001645959,0.010863449,0.1996147,0.0016492193,0.005571235
ISIC_0033537.jpg,NV,0.3276188,0.35954526,0.007736304,0.12412677,0.17092793,0.008996834,0.001048086
ISIC_0033540.jpg,NV,0.17893878,0.54931533,0.024262378,0.07463743,0.10154843,0.07035761,0.00094009
ISIC_0033541.jpg,NV,0.14707099,0.738393,0.013634943,0.001946351,0.008450766,0.0023440146,0.08816
ISIC_0033542.jpg,MEL,0.8184394,0.16127591,0.001893163,0.006702427,0.0013567284,0.00033884792,0.009993437
ISIC_0033544.jpg,NV,0.3703927,0.54857016,0.0009891194,0.008278061,0.06635867,0.0010387927,0.0043723793
ISIC_0033547.jpg,NV,0.2794151,0.68334734,0.002691026,0.0018480765,0.009143901,0.0031205881,0.020433923
ISIC_0033548.jpg,MEL,0.64126205,0.31488574,0.008523376,0.0029324947,0.024630982,0.0011782437,0.0065870793
ISIC_0033549.jpg,VASC,0.22723238,0.21159792,0.013339105,0.0410214,0.15036124,0.0017264584,0.35472158
ISIC_0033555.jpg,MEL,0.84880555,0.11561105,0.0038930848,0.0144025,0.0134493625,0.00065766484,0.003180854
ISIC_0033557.jpg,NV,0.3343907,0.65008247,0.0027383566,0.004870144,0.004366629,0.0032942593,0.00025745755
ISIC_0033561.jpg,NV,0.14273535,0.6468122,0.018832836,0.02142758,0.11623796,0.0029836372,0.050970394
ISIC_0033563.jpg,MEL,0.6704176,0.27468738,0.021212764,0.007300151,0.01401754,0.003210321,0.009154316
ISIC_0033574.jpg,NV,0.3551685,0.5891489,0.0006017022,0.0025705076,0.016218375,0.004440094,0.031851873
ISIC_0033577.jpg,NV,0.0522354,0.88793397,0.0031630504,0.024443649,0.0035133155,0.024510002,0.0042006196
ISIC_0033584.jpg,BCC,0.0021323652,0.18345135,0.6411513,0.014481085,0.13773708,0.020032741,0.0010140337
ISIC_0033588.jpg,NV,0.2698199,0.6899642,0.00072332827,0.003601403,0.034570996,0.00038332163,0.0009368404
ISIC_0033598.jpg,VASC,0.16136965,0.062274102,0.12377756,0.0023114905,0.043824136,0.00058320636,0.6058598
ISIC_0033599.jpg,NV,0.040912908,0.8407083,0.010073214,0.002139677,0.025131788,0.021367602,0.059666447
ISIC_0033600.jpg,MEL,0.61244357,0.29538965,0.0008054738,0.0059518893,0.06743304,0.0012554624,0.016720917
ISIC_0033602.jpg,VASC,0.03323518,0.12839352,0.034215283,0.001822409,0.018175174,0.0312836,0.7528748
ISIC_0033604.jpg,MEL,0.5297342,0.14188606,0.015899597,0.027780065,0.28022665,0.0024176699,0.0020558122
ISIC_0033605.jpg,NV,0.43237847,0.4914751,0.0071403775,0.010143608,0.05088805,0.0039193043,0.0040550544
ISIC_0033610.jpg,BCC,0.1446745,0.048958905,0.6183695,0.11697525,0.0635507,0.00707291,0.0003981968
ISIC_0033614.jpg,MEL,0.76274544,0.21627587,0.0021206334,0.0048029036,0.008126947,0.00041299718,0.0055152513
ISIC_0033617.jpg,MEL,0.3762291,0.16612592,0.26340288,0.029601768,0.1638067,0.0004506715,0.00038292084
ISIC_0033622.jpg,NV,0.38286766,0.5084389,0.0044849636,0.010123561,0.07335971,0.004047702,0.016677512
ISIC_0033625.jpg,MEL,0.49230272,0.45604166,0.008819539,0.013211307,0.017528042,0.0027387447,0.009358031
ISIC_0033627.jpg,MEL,0.6083364,0.018675698,0.031165604,0.011155897,0.25943342,0.07093561,0.00029741737
ISIC_0033628.jpg,NV,0.23907433,0.6297214,0.0020269724,0.00783603,0.092365935,0.010773473,0.018201888
ISIC_0033633.jpg,MEL,0.76807773,0.06639754,0.0035786119,0.011864366,0.14056556,0.004338456,0.0051776962
ISIC_0033640.jpg,NV,0.32559684,0.65827924,0.0009974897,0.001669686,0.010138067,0.0008308975,0.0024878369
ISIC_0033641.jpg,NV,0.19484235,0.5954262,0.0003069626,0.0015740485,0.20212865,0.0010480055,0.0046737944
ISIC_0033645.jpg,MEL,0.6767388,0.28460905,0.00084978814,0.0017036186,0.028221035,0.006791944,0.0010858098
ISIC_0033647.jpg,NV,0.034581445,0.9444332,0.0024169695,0.0021912623,0.007836267,0.005319839,0.0032210024
ISIC_0033652.jpg,MEL,0.8270119,0.16683744,0.0005723192,0.0009423965,0.0033263036,0.00036338478,0.0009462776
ISIC_0033656.jpg,NV,0.06638528,0.8545407,0.0045692176,0.005962942,0.040635277,0.025011137,0.0028954912
ISIC_0033661.jpg,VASC,0.02255711,0.15496087,0.12840556,0.004699862,0.12987703,0.033651643,0.52584785
ISIC_0033664.jpg,NV,0.2447138,0.7206164,0.0007327127,0.0012771481,0.022713097,0.004447046,0.005499784
ISIC_0033665.jpg,MEL,0.9726044,0.013826046,0.00036121055,0.0003964006,0.011954433,2.080539e-05,0.0008367435
ISIC_0033672.jpg,NV,0.40420204,0.5275749,0.0022151526,0.0036666575,0.05413692,0.001386373,0.006817996
ISIC_0033673.jpg,MEL,0.5981569,0.117454946,0.02181015,0.005699988,0.24725868,0.0050412724,0.0045780474
ISIC_0033681.jpg,BKL,0.076239645,0.084858194,0.0004960374,0.006652959,0.8255867,0.0053411936,0.0008252139
ISIC_0033682.jpg,MEL,0.8668706,0.102012604,0.0013410121,0.00764093,0.017574605,0.0031284278,0.0014319121
ISIC_0033683.jpg,NV,0.18862927,0.78493416,0.0019517855,0.0031587852,0.01490097,0.001156902,0.00526806
ISIC_0033684.jpg,MEL,0.6909652,0.27659833,0.00066644675,0.004003441,0.026096031,0.00025876853,0.0014118357
ISIC_0033686.jpg,MEL,0.60368186,0.3542612,0.006598268,0.0027440356,0.027553746,0.0022659367,0.0028950113
ISIC_0033688.jpg,NV,0.19334736,0.7709826,0.008175526,0.0067362245,0.010169582,0.008375979,0.0022126362
ISIC_0033689.jpg,MEL,0.5649015,0.26814544,0.0238452,0.0038438984,0.1357056,0.0018354913,0.0017229078
ISIC_0033690.jpg,NV,0.07651815,0.7465464,0.004018731,0.0017707273,0.13879356,0.0047046854,0.02764777
ISIC_0033692.jpg,MEL,0.8436508,0.066171244,0.03284689,0.050719533,0.0023363524,0.0022538658,0.00202137
ISIC_0033694.jpg,MEL,0.85665894,0.109404676,0.0024243384,0.007373418,0.007259974,0.0006118716,0.016266808
ISIC_0033697.jpg,NV,0.16659524,0.7696659,0.007390191,0.005297358,0.00644575,0.027083157,0.01752236
ISIC_0033698.jpg,NV,0.4316909,0.44486204,0.0035176268,0.0028423485,0.069542006,0.0071136733,0.040431388
ISIC_0033699.jpg,MEL,0.7238511,0.23776191,0.0039164936,0.011846507,0.01838336,0.00097522984,0.0032654442
ISIC_0033702.jpg,MEL,0.48889056,0.4642144,0.003663147,0.014089909,0.02498714,0.0020335878,0.0021211891
ISIC_0033706.jpg,MEL,0.893735,0.06333175,0.0002484873,0.010189165,0.03142235,0.00042744988,0.00064583024
ISIC_0033707.jpg,NV,0.34645784,0.43121463,0.033273127,0.015478572,0.1596358,0.005274396,0.008665621
ISIC_0033711.jpg,NV,0.06138043,0.49473572,0.001213343,0.016920362,0.40673444,0.017295437,0.0017203218
ISIC_0033712.jpg,BCC,0.059866983,0.12898667,0.77109456,0.012447557,0.023793796,0.002162051,0.0016484282
ISIC_0033714.jpg,NV,0.25617158,0.4047659,0.0021788157,0.0027804538,0.33153436,0.00046474749,0.0021041015
ISIC_0033715.jpg,NV,0.21920021,0.5852526,0.0034832265,0.007563669,0.18227915,0.00064168463,0.0015794707
ISIC_0033721.jpg,VASC,0.08363576,0.12237627,0.004586335,0.0012858512,0.032192975,0.0030836305,0.7528392
ISIC_0033723.jpg,BCC,0.09450744,0.1834585,0.501034,0.12908861,0.03299204,0.01641505,0.042504344
ISIC_0033724.jpg,NV,0.0071910676,0.8013224,0.0021901242,0.00453688,0.015238113,0.025362374,0.14415908
ISIC_0033726.jpg,MEL,0.69411594,0.24156882,0.0019538538,0.008054969,0.047195785,0.0012600353,0.0058505856
ISIC_0033727.jpg,NV,0.007826519,0.88676023,0.0072515123,0.005555703,0.043511722,0.03567823,0.013416113
ISIC_0033729.jpg,NV,0.20755583,0.5041189,0.014183818,0.15335731,0.047452398,0.055442702,0.017888974
ISIC_0033734.jpg,MEL,0.6811835,0.2936284,0.0022097335,0.0010343161,0.012308599,0.00045476283,0.00918066
ISIC_0033737.jpg,MEL,0.84456277,0.03965261,0.00057468144,0.00062534784,0.113413975,0.00061450544,0.0005561281
ISIC_0033739.jpg,BCC,0.14185582,0.15816697,0.41441333,0.11032544,0.17069584,0.0005679447,0.0039746435
ISIC_0033741.jpg,BKL,0.009675958,0.32778153,0.022357473,0.0007333278,0.51774734,0.09246886,0.029235477
ISIC_0033743.jpg,NV,0.12845701,0.8069519,0.01019382,0.0028011054,0.039820906,0.009555149,0.0022201275
ISIC_0033751.jpg,NV,0.012235491,0.89194393,0.0032479593,0.0015068351,0.08141291,0.0067789373,0.0028739069
ISIC_0033755.jpg,MEL,0.5277693,0.37964022,0.016744457,0.014291192,0.049696766,0.00414814,0.0077098575
ISIC_0033756.jpg,MEL,0.4944924,0.2534119,0.011409926,0.0019459107,0.034163505,0.001643827,0.20293255
ISIC_0033759.jpg,NV,0.041000064,0.89057696,0.0035923312,0.0011406109,0.017134601,0.009331017,0.037224375
ISIC_0033763.jpg,MEL,0.83927506,0.11675711,0.009857543,0.012642696,0.012267384,0.0007477356,0.008452447
ISIC_0033765.jpg,MEL,0.79826254,0.16076922,0.00059493893,0.013097816,0.024427518,0.00047648634,0.002371475
ISIC_0033766.jpg,MEL,0.8842551,0.08832742,0.00050632,0.010958055,0.013684343,0.00039572417,0.0018731385
ISIC_0033767.jpg,MEL,0.45231745,0.41205296,0.00036819413,0.0059429104,0.1278049,0.0010274746,0.00048607952
ISIC_0033768.jpg,BKL,0.20728478,0.11585842,0.0037411533,0.0046221884,0.66737616,0.00022134767,0.00089597906
ISIC_0033769.jpg,NV,0.13282831,0.6605684,0.042116847,0.007708974,0.01928803,0.0025843843,0.134905
ISIC_0033771.jpg,NV,0.17023247,0.8029992,0.008157799,0.0034088183,0.009987527,0.002654288,0.0025598856
ISIC_0033775.jpg,MEL,0.71802664,0.24420221,0.011869933,0.0020708747,0.011882812,0.0019962243,0.009951273
ISIC_0033777.jpg,NV,0.4051531,0.48393032,0.00014117012,0.0006761642,0.10498163,0.002916791,0.00220083
ISIC_0033782.jpg,NV,0.0027219814,0.9877741,0.0042405687,0.00082369626,0.003401982,0.00042582094,0.0006119601
ISIC_0033786.jpg,NV,0.057713483,0.4553735,0.0024546643,0.04014629,0.4341116,0.0026328815,0.0075676767
ISIC_0033787.jpg,NV,0.043982223,0.79187214,0.047833968,0.002007354,0.018599534,0.0017034024,0.094001405
ISIC_0033789.jpg,MEL,0.7235561,0.22251748,0.008435057,0.00067979,0.04076617,0.0016453296,0.0024000495
ISIC_0033792.jpg,MEL,0.6494952,0.2810079,0.0025566698,0.0011799529,0.058752544,0.0008504667,0.0061573475
ISIC_0033793.jpg,MEL,0.89733106,0.07279975,0.0005318031,0.0017570321,0.025453445,0.00011277776,0.00201409
ISIC_0033794.jpg,BKL,0.051438786,0.0896172,0.00018090953,0.0041072103,0.84578675,0.0081918435,0.0006772927
ISIC_0033795.jpg,MEL,0.7874683,0.19940169,9.640242e-05,0.00046930867,0.009502287,8.5859676e-05,0.002976205
ISIC_0033800.jpg,MEL,0.41749638,0.37952444,0.007309471,0.01287353,0.1696701,0.0036308775,0.009495202
ISIC_0033809.jpg,BKL,0.15783125,0.37843463,0.009788209,0.0049935123,0.44038355,0.0045405463,0.0040283534
ISIC_0033816.jpg,NV,0.39475805,0.52480483,0.0018595734,0.0039396016,0.06829324,0.0019473839,0.0043973895
ISIC_0033818.jpg,NV,0.19688392,0.40036082,0.14798918,0.0009054551,0.24445044,0.0024097112,0.007000495
ISIC_0033822.jpg,NV,0.05193775,0.48058233,0.0013793517,0.003956649,0.002921862,0.005280117,0.45394194
ISIC_0033823.jpg,NV,0.2639518,0.66478914,0.010625053,0.008354466,0.032834385,0.0030657838,0.01637941
ISIC_0033826.jpg,NV,0.010937483,0.85841435,0.0025564015,0.00026912402,0.023498917,0.05098399,0.053339694
ISIC_0033827.jpg,NV,0.13006857,0.70060706,0.00227495,0.003761394,0.101229936,0.057842694,0.0042153443
ISIC_0033830.jpg,MEL,0.4976795,0.43507445,0.0019470432,0.005038159,0.04988865,0.0051206574,0.0052515524
ISIC_0033835.jpg,NV,0.21652715,0.71940815,0.0034813527,0.0026058939,0.020433478,0.005846951,0.03169693
ISIC_0033836.jpg,NV,0.1811815,0.73782426,0.0053445282,0.01012791,0.03437797,0.010924554,0.020219324
ISIC_0033837.jpg,NV,0.1396428,0.75406235,0.031425003,0.02313093,0.036053482,0.01131707,0.0043684416
ISIC_0033838.jpg,MEL,0.57996714,0.36965168,0.018546045,0.010150338,0.012323852,0.007923923,0.001436952
ISIC_0033839.jpg,BCC,0.015633121,0.3438973,0.41472694,0.020217646,0.011144993,0.08583623,0.10854372
ISIC_0033841.jpg,NV,0.27733895,0.53124094,0.02977794,0.009658409,0.06590559,0.018888997,0.06718911
ISIC_0033842.jpg,NV,0.23957463,0.55479896,0.0094511695,0.036978044,0.07302485,0.0049713217,0.08120101
ISIC_0033845.jpg,MEL,0.5243941,0.3799865,0.0031591896,0.005761614,0.05940949,0.021387177,0.0059019127
ISIC_0033846.jpg,NV,0.03274057,0.95306104,0.0004901646,0.0008652552,0.00069272023,0.00029348896,0.011856851
ISIC_0033850.jpg,BCC,0.27145267,0.05057492,0.38798463,0.0032320647,0.2835641,0.00083543296,0.002356255
ISIC_0033852.jpg,NV,0.41230002,0.46998298,0.025822757,0.02220154,0.036230046,0.0014518455,0.032010738
ISIC_0033862.jpg,MEL,0.7961362,0.15940551,0.0053806193,0.015492105,0.018196512,0.0016379402,0.0037509906
ISIC_0033867.jpg,NV,0.24914387,0.47066,0.0025115681,0.0011747461,0.20787868,0.0015370627,0.06709407
ISIC_0033870.jpg,MEL,0.80384886,0.17086194,0.0012867077,0.00820248,0.012196392,0.0025697353,0.0010338859
ISIC_0033873.jpg,MEL,0.56666243,0.2840002,0.050717156,0.017035566,0.06273997,0.009191446,0.009653185
ISIC_0033875.jpg,NV,0.15754275,0.776731,0.017547963,0.012957527,0.01885883,0.0060142707,0.010347602
ISIC_0033876.jpg,NV,0.19978207,0.60765517,0.002266922,0.006496349,0.17059602,0.006940477,0.0062629427
ISIC_0033877.jpg,NV,0.022601914,0.9154526,0.005472384,0.05158765,0.0013142235,0.0009141679,0.0026570347
ISIC_0033880.jpg,NV,0.004410846,0.9938692,6.830293e-05,0.00020653413,0.0012293502,8.280545e-05,0.00013297028
ISIC_0033882.jpg,NV,0.01407518,0.8716189,0.073261276,0.0075287046,0.021933844,0.006680426,0.0049016294
ISIC_0033887.jpg,MEL,0.85666174,0.11186167,0.000772016,0.0010102493,0.010213505,0.0006266619,0.018854266
ISIC_0033889.jpg,BKL,0.04861072,0.24121429,0.05216018,0.0010502671,0.6547196,0.0009060355,0.0013388651
ISIC_0033890.jpg,NV,0.29858476,0.6572995,0.0034583963,0.0036381264,0.028709784,0.0068890704,0.0014204205
ISIC_0033895.jpg,NV,0.2160117,0.72254366,0.006430491,0.0069993734,0.032032114,0.005074709,0.010907982
ISIC_0033896.jpg,NV,0.08964015,0.7424324,0.0041468297,0.087521434,0.06603603,0.0067564244,0.0034666434
ISIC_0033897.jpg,NV,0.3352313,0.5707353,0.015084263,0.0065412344,0.017984467,0.001104472,0.05331901
ISIC_0033898.jpg,NV,0.12195407,0.72569096,0.00042382433,0.034442548,0.11185935,0.0024436715,0.003185611
ISIC_0033903.jpg,MEL,0.50212026,0.43706605,0.0040113395,0.007237478,0.03873806,0.0062331962,0.0045936517
ISIC_0033906.jpg,NV,0.10908843,0.76389766,0.0055235513,0.00700105,0.072074264,0.015039462,0.027375521
ISIC_0033912.jpg,NV,0.34425634,0.45101643,0.056908228,0.05780552,0.03573199,0.022493022,0.03178852
ISIC_0033914.jpg,NV,0.19274569,0.76462615,0.0013558001,0.012629429,0.02298111,0.0021601296,0.0035017384
ISIC_0033916.jpg,NV,0.26824972,0.5601047,0.0037335092,0.09568494,0.065660916,0.0035630886,0.0030030294
ISIC_0033918.jpg,NV,0.003672397,0.9472335,0.0055193123,0.0039024076,0.0099340435,0.023406755,0.0063315965
ISIC_0033919.jpg,NV,0.40265673,0.5858259,0.0013608484,0.0017153623,0.006280976,0.00048553958,0.0016747209
ISIC_0033920.jpg,MEL,0.3522527,0.29909363,0.0025096647,0.013391697,0.33104303,0.0009892827,0.00072002184
ISIC_0033921.jpg,VASC,0.25588736,0.10707758,0.009042092,0.03841391,0.022863254,0.0009883645,0.5657275
ISIC_0033922.jpg,NV,0.020251885,0.92903775,0.013943882,0.006755198,0.001967342,0.027819483,0.00022456836
ISIC_0033923.jpg,NV,0.3595858,0.6110214,0.0030563937,0.000665867,0.009000353,0.00013309074,0.016537068
ISIC_0033929.jpg,BKL,0.28331172,0.2164936,0.007383734,0.00889292,0.46303344,0.01825285,0.0026317423
ISIC_0033930.jpg,NV,0.29246214,0.60836744,0.027570479,0.007199953,0.022413999,0.0023368918,0.039649103
ISIC_0033932.jpg,MEL,0.7280949,0.11386899,0.0013505069,0.0024483574,0.14664023,0.0042240247,0.0033730236
ISIC_0033934.jpg,NV,0.39921507,0.5021599,0.005864319,0.02737607,0.05351535,0.011411674,0.00045762025
ISIC_0033935.jpg,MEL,0.83172584,0.099142514,0.0039907,0.022687731,0.03113759,0.00036002084,0.01095565
ISIC_0033939.jpg,NV,0.0037883508,0.8599266,0.031625446,0.0009925318,0.004154617,0.0035103776,0.09600217
ISIC_0033941.jpg,NV,0.03479209,0.9601885,0.00082592724,0.0024240315,0.0009247507,0.0003364303,0.0005082609
ISIC_0033944.jpg,MEL,0.8914507,0.06775189,0.0012190468,0.0006044266,0.03715635,0.0001960979,0.0016214423
ISIC_0033948.jpg,MEL,0.664126,0.27599987,0.016628986,0.011344879,0.013512996,0.0013996909,0.016987575
ISIC_0033950.jpg,NV,0.3295397,0.4922257,0.009091139,0.004574552,0.15350518,0.0063171634,0.004746662
ISIC_0033951.jpg,MEL,0.64547545,0.31919113,0.0006571453,0.002894756,0.03045594,0.00041584723,0.0009097533
ISIC_0033954.jpg,NV,0.11158579,0.8347257,0.0015297408,0.002112852,0.04690413,0.0013684512,0.0017734121
ISIC_0033958.jpg,NV,0.18231393,0.67291874,0.011884129,0.03486535,0.052172713,0.0013537825,0.04449135
ISIC_0033959.jpg,MEL,0.5256927,0.15802304,0.003770119,0.12167934,0.1843621,0.004865063,0.0016076494
ISIC_0033960.jpg,NV,0.42710486,0.53887725,0.005296717,0.009325328,0.014026305,0.003519013,0.0018505753
ISIC_0033961.jpg,NV,0.40710527,0.5173544,0.0048712734,0.02580665,0.035480898,0.0047969725,0.0045845183
ISIC_0033963.jpg,MEL,0.8833928,0.0969658,0.0008062717,0.0012711632,0.016670775,0.00023386457,0.00065932615
ISIC_0033964.jpg,BCC,0.0020460829,0.035373308,0.41235942,0.0054941177,0.108895354,0.4043432,0.031488534
ISIC_0033966.jpg,MEL,0.6202155,0.25830862,0.0026290503,0.0044399044,0.033164263,0.00061719347,0.08062542
ISIC_0033970.jpg,NV,0.14380464,0.825768,0.0018468616,0.011817659,0.007821864,0.0018114916,0.0071294825
ISIC_0033971.jpg,NV,0.025388185,0.9177335,0.0005468189,0.0010502036,0.008604174,0.015772084,0.030905109
ISIC_0033974.jpg,NV,0.25023475,0.74185234,0.00032237225,0.0002086947,0.004382613,0.0002831956,0.0027159944
ISIC_0033976.jpg,NV,0.101832636,0.57172465,0.061703432,0.13081191,0.097183265,0.02845175,0.008292315
ISIC_0033982.jpg,NV,0.26859194,0.6044626,0.0051097344,0.012847175,0.020152923,0.024583522,0.0642521
ISIC_0033983.jpg,NV,0.22517419,0.45362943,0.00490267,0.009465744,0.30505055,0.0013714703,0.0004059467
ISIC_0033989.jpg,NV,0.11484059,0.86194277,0.0013249323,0.0043555885,0.009621798,0.002014836,0.0058994307
ISIC_0033992.jpg,NV,0.26671937,0.5594457,0.00593048,0.0030287488,0.15900075,0.001440935,0.004434003
ISIC_0033994.jpg,NV,0.017124426,0.9583524,0.00043598062,0.0009499952,0.017705869,0.0010495556,0.004381673
ISIC_0033996.jpg,NV,0.0066460217,0.9394784,0.0017336158,0.00087822287,0.039182242,0.00495971,0.00712185
ISIC_0033997.jpg,NV,0.14291458,0.8369872,9.439801e-05,0.0014000271,0.0018502938,0.003028861,0.013724604
ISIC_0033998.jpg,NV,0.17771827,0.7958756,0.0011940657,0.0015624742,0.008373593,0.0012104926,0.01406554
ISIC_0034004.jpg,NV,0.14778608,0.5637022,0.012329957,0.00455808,0.023976404,0.053000957,0.19464624
ISIC_0034008.jpg,VASC,0.0012775005,0.14373982,0.004855789,6.008981e-05,0.0022864067,6.120968e-05,0.84771913
ISIC_0034009.jpg,MEL,0.7497621,0.21521385,0.002839037,0.0028921152,0.026969803,0.00028978428,0.0020332432
ISIC_0034010.jpg,NV,0.09935248,0.7633258,0.018091297,0.010529013,0.02355599,0.08071142,0.0044340407
ISIC_0034013.jpg,NV,0.042331327,0.6417355,0.0082784295,0.008340946,0.034673195,0.012188706,0.2524519
ISIC_0034014.jpg,MEL,0.8550005,0.049445182,0.0011707057,0.0046112887,0.08729496,0.0015165047,0.00096100627
ISIC_0034016.jpg,NV,0.049401257,0.9234573,0.0009555144,0.0039252937,0.015955044,0.0005492704,0.005756285
ISIC_0034019.jpg,NV,0.112663694,0.83709586,0.013615515,0.013611219,0.0032561498,0.010332743,0.0094249025
ISIC_0034020.jpg,NV,0.033738665,0.6894547,0.17093663,0.0016504145,0.047262423,0.0010529478,0.055904265
ISIC_0034021.jpg,NV,0.18668984,0.62045854,0.0388559,0.005435725,0.024135957,0.0006877914,0.123736344
ISIC_0034025.jpg,NV,0.008038273,0.8600877,0.008175774,0.10632411,0.013354726,0.0037570181,0.00026249947
ISIC_0034027.jpg,BKL,0.27031255,0.07693122,0.10862544,0.012505451,0.5234009,0.0039053466,0.004319122
ISIC_0034030.jpg,BKL,0.1650624,0.12552005,0.10883806,0.056532256,0.45313945,0.07731956,0.013588227
ISIC_0034035.jpg,NV,0.048789095,0.91713005,0.0014123571,0.0131864725,0.013729046,0.0038701277,0.0018828869
ISIC_0034041.jpg,NV,0.101236776,0.58300084,0.12359927,0.035979297,0.09709131,0.010484446,0.04860808
ISIC_0034042.jpg,MEL,0.6092597,0.3409389,0.0023488603,0.014447568,0.02472572,0.007195633,0.0010836531
ISIC_0034045.jpg,NV,0.017538467,0.87136877,0.010021658,0.0742884,0.020653868,0.0052057016,0.00092305924
ISIC_0034053.jpg,NV,0.06662172,0.91382545,0.0012173514,0.0019286139,0.0067841704,0.0048365826,0.004786064
ISIC_0034055.jpg,MEL,0.4320996,0.3955684,0.0010745495,0.0004737783,0.16447297,0.0027818528,0.0035287982
ISIC_0034060.jpg,NV,0.3268647,0.5261004,0.008716206,0.00815777,0.013621542,0.006176718,0.11036269
ISIC_0034063.jpg,NV,0.23265044,0.6626422,0.0020582622,0.008881977,0.08475119,0.005292759,0.003723177
ISIC_0034067.jpg,NV,0.43857703,0.5262307,0.009378952,0.006327416,0.010591582,0.0027520184,0.006142332
ISIC_0034069.jpg,NV,0.41002005,0.5639825,0.001109475,0.0027066562,0.01718842,0.0005140619,0.004478836
ISIC_0034072.jpg,BCC,0.0036575631,0.010554033,0.47330922,0.04359169,0.36020347,0.05658277,0.05210123
ISIC_0034079.jpg,MEL,0.750749,0.22807525,0.00069188984,0.00081328815,0.01692871,0.0014135971,0.0013282662
ISIC_0034080.jpg,NV,0.11637611,0.5795667,0.038920067,0.0034751308,0.130099,0.0035302634,0.12803268
ISIC_0034083.jpg,MEL,0.8239875,0.10395164,0.0020100418,0.0070604277,0.04890044,0.0015417935,0.012548215
ISIC_0034084.jpg,NV,0.30165365,0.3414537,0.02785069,0.08626786,0.22925733,0.0105826305,0.0029341592
ISIC_0034090.jpg,BCC,0.001004021,0.0042120847,0.98859566,7.934534e-05,0.00345807,0.00017367909,0.0024771427
ISIC_0034096.jpg,NV,0.10664296,0.59573877,0.091168195,0.003219173,0.19567372,0.001348151,0.006209069
ISIC_0034102.jpg,NV,0.3002661,0.63257235,0.0018758298,0.031906307,0.027718097,0.00051173725,0.0051496085
ISIC_0034105.jpg,NV,0.037531275,0.8686882,0.0005265809,0.0009988109,0.011020969,0.016750138,0.06448399
ISIC_0034110.jpg,MEL,0.40377915,0.17867245,0.0006961607,0.1769823,0.21525446,0.00025502377,0.02436044
ISIC_0034111.jpg,NV,0.0335187,0.81301504,0.0077994675,0.0042949654,0.042873006,0.027120616,0.07137815
ISIC_0034112.jpg,NV,0.20326182,0.78803736,0.0011177236,0.0011843122,0.0057933424,0.00029889008,0.00030661252
ISIC_0034128.jpg,MEL,0.6058577,0.35334334,0.004824991,0.017639931,0.01380147,0.0028986966,0.0016338237
ISIC_0034129.jpg,MEL,0.5518201,0.39996406,0.002443276,0.011495189,0.026443718,0.0029774962,0.004856174
ISIC_0034130.jpg,NV,0.010343159,0.90140456,0.00540548,0.0022690825,0.0049102055,0.0024730433,0.073194385
ISIC_0034131.jpg,NV,0.46018088,0.49057454,0.0065889107,0.0026439184,0.0116912415,0.0012544217,0.027066028
ISIC_0034133.jpg,MEL,0.6862565,0.2540724,0.01969459,0.00577532,0.026125887,0.0062725004,0.0018027101
ISIC_0034136.jpg,MEL,0.90054506,0.048981145,0.00038714323,0.0019392621,0.047184937,0.0005510066,0.000411354
ISIC_0034137.jpg,MEL,0.48415154,0.41312283,0.00015578751,0.00090673455,0.10004559,0.0007482812,0.0008692217
ISIC_0034139.jpg,NV,0.08410207,0.88131183,0.0033596128,0.0023632597,0.022373864,0.0019820884,0.0045072944
ISIC_0034144.jpg,NV,0.043942176,0.85498697,0.0026403563,0.004486532,0.04976982,0.04343002,0.00074410427
ISIC_0034146.jpg,BCC,0.019210983,0.012852301,0.8712663,0.009940892,0.004517594,0.02471173,0.05750016
ISIC_0034147.jpg,NV,0.0020453583,0.9558236,0.009282024,0.0021135467,0.010420902,0.016843284,0.0034712565
ISIC_0034148.jpg,MEL,0.66802585,0.26572302,0.01881363,0.010063089,0.032527536,0.0035245386,0.0013223682
ISIC_0034152.jpg,MEL,0.52542615,0.17718443,0.090801656,0.12488544,0.06492313,0.010580171,0.006199009
ISIC_0034154.jpg,VASC,0.108822465,0.032388024,0.0037054853,0.0008084775,0.049102254,8.146114e-05,0.80509186
ISIC_0034156.jpg,AKIEC,0.039666496,0.41855857,0.010205597,0.44766232,0.052085657,0.025805863,0.0060154926
ISIC_0034157.jpg,MEL,0.77094084,0.19452953,0.0030436607,0.018335188,0.008307688,0.0004450187,0.004398104
ISIC_0034158.jpg,MEL,0.5986106,0.35041916,0.0043750033,0.019256514,0.00737095,0.0013835565,0.018584244
ISIC_0034163.jpg,NV,0.035903208,0.59861827,0.09591308,0.011213317,0.18383068,0.04758665,0.02693474
ISIC_0034166.jpg,NV,0.053039264,0.847538,0.0075438754,0.004940148,0.02700498,0.008564056,0.051369768
ISIC_0034171.jpg,NV,0.235157,0.7459263,0.00075434154,0.0013374512,0.009538449,0.004365232,0.0029211922
ISIC_0034176.jpg,NV,0.09710626,0.35246798,0.07966364,0.11332707,0.2910436,0.0639632,0.0024282278
ISIC_0034177.jpg,NV,0.09631243,0.7611673,0.0045562037,0.009073406,0.056178506,0.012725174,0.05998696
ISIC_0034178.jpg,NV,0.14213838,0.8392404,0.0016725167,0.00071496365,0.0076795015,0.0018219118,0.0067323074
ISIC_0034179.jpg,BKL,0.12223784,0.31285325,0.047632042,0.0025717919,0.37046698,0.009230195,0.13500796
ISIC_0034181.jpg,NV,0.31420887,0.6743633,0.00017688725,0.0021738962,0.004212,0.0015986043,0.003266447
ISIC_0034185.jpg,NV,0.22466919,0.6604536,0.020856438,0.017923761,0.04596903,0.018937476,0.011190509
ISIC_0034193.jpg,NV,0.3523215,0.5487769,0.033210173,0.016145973,0.024799969,0.01836371,0.0063817827
ISIC_0034198.jpg,NV,0.3547502,0.3589085,0.005524752,0.0032936737,0.075040855,0.0004281509,0.20205376
ISIC_0034199.jpg,MEL,0.6691494,0.15930787,0.0005855257,0.005380657,0.16276605,0.0015580126,0.0012525205
ISIC_0034200.jpg,NV,0.38177663,0.5914366,0.0027418428,0.0053699166,0.0046994444,0.003149594,0.010825888
ISIC_0034204.jpg,BKL,0.16569524,0.03374698,0.10233319,0.00059193966,0.69672686,0.0007386999,0.00016710561
ISIC_0034206.jpg,NV,0.05119393,0.7098406,0.09667974,0.027504057,0.04857714,0.012132625,0.05407184
ISIC_0034212.jpg,MEL,0.62773293,0.117303476,0.00066068396,0.010522122,0.19370791,0.024299202,0.025773639
ISIC_0034213.jpg,BCC,0.055734836,0.09490048,0.41255248,0.06326916,0.19071758,0.05131015,0.13151535
ISIC_0034215.jpg,NV,0.4017863,0.5057379,0.00036775303,0.0011925476,0.06522985,0.0011283654,0.024557305
ISIC_0034217.jpg,NV,0.2576071,0.66868424,0.0026437328,0.008320656,0.02446126,0.003473221,0.03480979
ISIC_0034219.jpg,NV,0.1386573,0.77116627,0.0020066448,0.011128461,0.062127493,0.004520561,0.0103933355
ISIC_0034220.jpg,MEL,0.6314464,0.34123716,0.0006390861,0.0035373876,0.019667814,0.00062845723,0.002843714
ISIC_0034225.jpg,MEL,0.6461348,0.28983483,0.0123733645,0.0038195972,0.023965701,0.0075827534,0.016288923
ISIC_0034226.jpg,NV,0.123600475,0.49206603,0.2945319,0.03654345,0.04368889,0.0059757493,0.0035934648
ISIC_0034227.jpg,NV,0.4179712,0.5094186,0.019628292,0.010554013,0.03002724,0.003981122,0.0084195025
ISIC_0034229.jpg,BKL,0.03196199,0.22954829,0.000118832766,0.002071859,0.73565876,0.00054316234,9.7054726e-05
ISIC_0034231.jpg,BKL,0.2842922,0.16343352,0.0009196568,0.004634375,0.53565305,0.010408611,0.00065859273
ISIC_0034234.jpg,NV,0.46216157,0.4990099,0.0030071996,0.004118616,0.015483292,0.000238509,0.015980838
ISIC_0034240.jpg,MEL,0.59140164,0.37134162,0.00039992237,0.0063423994,0.02755181,9.0609174e-05,0.0028719953
ISIC_0034244.jpg,NV,0.26490942,0.61545247,0.03356839,0.002308367,0.031541426,0.0024099695,0.04980996
ISIC_0034247.jpg,NV,0.2630014,0.49706158,0.0030244938,0.0115384385,0.15510915,0.0021938505,0.068071075
ISIC_0034249.jpg,NV,0.05835716,0.48140565,0.001161269,0.00940614,0.42490885,0.0019042639,0.022856714
ISIC_0034250.jpg,NV,0.06452908,0.7029041,0.0008213162,0.039614767,0.18785869,0.0031852054,0.0010867689
ISIC_0034251.jpg,NV,0.23757255,0.5551478,0.003801341,0.0043376917,0.06744672,0.00048048957,0.13121338
ISIC_0034254.jpg,BKL,0.15503503,0.004630875,9.695378e-05,0.0032482264,0.83500355,0.0019431945,4.212189e-05
ISIC_0034261.jpg,MEL,0.4735012,0.34509444,0.019669464,0.010788261,0.12240488,0.008830639,0.019711114
ISIC_0034266.jpg,NV,0.028183317,0.9603323,0.00017497697,0.00014990702,0.010203801,0.00018442044,0.000771305
ISIC_0034267.jpg,NV,0.18084648,0.29760924,0.0014471968,0.0015699904,0.2315321,0.0059856926,0.2810093
ISIC_0034268.jpg,NV,0.31762978,0.6101044,0.021998048,0.008935688,0.032226354,0.0023308212,0.00677494
ISIC_0034270.jpg,BKL,0.1701597,0.2208529,0.06846093,0.13306545,0.38686517,0.010018464,0.010577445
ISIC_0034271.jpg,NV,0.008979233,0.9590632,0.0029980328,0.006013233,0.016555598,0.0005398443,0.005850897
ISIC_0034272.jpg,NV,0.009072669,0.9421792,0.005277848,0.0015503524,0.014299307,0.0026544584,0.024966115
ISIC_0034273.jpg,NV,0.026135284,0.84765834,0.006243916,0.025913073,0.006915206,0.055300623,0.031833723
ISIC_0034274.jpg,MEL,0.5932942,0.39206082,0.00063077407,0.0015120988,0.009136668,0.00028828075,0.0030771832
ISIC_0034278.jpg,MEL,0.9009364,0.07524841,0.0013498325,0.00537589,0.014024243,0.0006020903,0.0024631016
ISIC_0034279.jpg,DF,0.087786,0.3093355,0.044740945,0.06031302,0.024908815,0.4580646,0.014851096
ISIC_0034281.jpg,BKL,0.22068839,0.32571012,0.004425105,0.031016866,0.40503746,0.0040487023,0.009073374
ISIC_0034282.jpg,MEL,0.50008905,0.38483214,0.018499333,0.0017481267,0.086532585,0.0072214114,0.0010773538
ISIC_0034285.jpg,MEL,0.51516014,0.3673772,0.0013523641,0.012966659,0.06143016,0.0016198008,0.04009365
ISIC_0034286.jpg,BKL,0.05789098,0.2915996,0.08866637,0.0085417535,0.5328518,0.009258776,0.011190697
ISIC_0034288.jpg,MEL,0.89404875,0.090737216,0.00035943656,0.0073395576,0.0054258998,7.096072e-05,0.0020181101
ISIC_0034290.jpg,NV,0.11031175,0.4746781,0.07864877,0.067122735,0.13585468,0.007675896,0.125708
ISIC_0034293.jpg,MEL,0.764823,0.2039477,0.0012924384,0.004887217,0.019851772,0.0035132836,0.0016845132
ISIC_0034295.jpg,MEL,0.48075703,0.2047625,0.0052630575,0.003168625,0.29346266,0.009588636,0.00299749
ISIC_0034297.jpg,NV,0.17233367,0.7699264,0.0017909522,0.027936459,0.01732083,0.008786742,0.0019049384
ISIC_0034298.jpg,NV,0.27045807,0.7032291,0.004425786,0.0013514139,0.01654516,0.0017982062,0.0021921946
ISIC_0034300.jpg,NV,0.19665596,0.47827703,0.06464448,0.07140017,0.17942747,0.007656414,0.0019384559
ISIC_0034304.jpg,NV,0.03206835,0.6525465,0.0068605933,0.016163388,0.23591125,0.04098177,0.015468077
ISIC_0034305.jpg,NV,0.33314937,0.60952455,0.0016339746,0.0032634162,0.04726887,0.0015219247,0.003637885
ISIC_0034308.jpg,NV,0.25470302,0.56656426,0.03728885,0.011756721,0.118728034,0.008148564,0.0028105413
ISIC_0034309.jpg,NV,0.016747093,0.9373586,0.0012270957,0.011105674,0.014230175,0.016699413,0.0026320016
ISIC_0034310.jpg,MEL,0.5388385,0.08023986,0.0009745359,0.0027454908,0.37586886,0.00055325223,0.0007794852
ISIC_0034312.jpg,NV,0.097546,0.8898473,0.0024028567,0.003321519,0.002685922,0.00062586996,0.0035705962
ISIC_0034314.jpg,MEL,0.53507894,0.43399262,0.0032597003,0.00226334,0.02183136,0.00304892,0.0005250409
ISIC_0024313.jpg,NV,0.4342979,0.54170173,0.008227123,0.010333723,0.002183992,0.0010038513,0.0022517317
ISIC_0024315.jpg,MEL,0.9547832,0.03556406,0.00077877723,4.0156585e-05,0.008533852,2.570308e-05,0.00027432182
ISIC_0024333.jpg,NV,0.36921388,0.4536295,0.0004896977,0.00045991852,0.14087915,0.034896184,0.00043166985
ISIC_0024400.jpg,BKL,0.17010424,0.013965905,0.007001584,0.055453684,0.7468246,0.0037105656,0.0029394857
ISIC_0024410.jpg,MEL,0.4780665,0.45590666,0.011900001,0.018048855,0.019108145,0.015193472,0.0017764788
ISIC_0024481.jpg,MEL,0.5782572,0.055205032,0.025446277,0.0024701532,0.3319432,0.0019550428,0.0047231144
ISIC_0024552.jpg,MEL,0.9668054,0.015647728,0.00031446014,0.0004276225,0.015531953,0.0007737619,0.00049904536
ISIC_0024586.jpg,MEL,0.3153007,0.2689472,0.012711126,0.010605321,0.12657596,0.07300428,0.19285542
ISIC_0024624.jpg,MEL,0.8135304,0.0064050327,0.08576117,0.0026262219,0.08154816,0.009589803,0.00053917494
ISIC_0024675.jpg,NV,0.27150834,0.47361776,0.043961637,0.0025731418,0.093217626,0.05536713,0.05975439
ISIC_0024688.jpg,NV,0.46388417,0.4658699,0.005439469,0.026890866,0.0202786,0.011321475,0.0063156383
ISIC_0024702.jpg,MEL,0.71922696,0.017879343,0.10763736,0.008140886,0.011998151,0.00031092254,0.13480645
ISIC_0024729.jpg,MEL,0.632856,0.22642766,0.0038186577,0.0018723098,0.11328592,0.0061320076,0.015607453
ISIC_0024886.jpg,BKL,0.007049513,0.04407772,0.121883325,0.03076552,0.78825766,0.0027994479,0.005166826
ISIC_0024911.jpg,MEL,0.8045633,0.039917298,0.07169668,0.0001644593,0.06646182,0.0025460143,0.014650411
ISIC_0024961.jpg,MEL,0.46739906,0.21455395,0.00697317,0.0023763173,0.28900787,0.011068308,0.008621346
ISIC_0025018.jpg,NV,0.3432794,0.4771875,0.024314493,0.056260422,0.07763469,0.013663109,0.00766038
ISIC_0025128.jpg,NV,0.19146803,0.6033208,0.03390556,0.010343876,0.07356213,0.0015744596,0.08582513
ISIC_0025153.jpg,NV,0.25422782,0.6485481,0.011224087,0.0033982655,0.07397126,0.0045579993,0.0040724524
ISIC_0025303.jpg,MEL,0.68345284,0.14283073,0.0048203534,0.005069812,0.16331379,0.00034432844,0.00016813105
ISIC_0025324.jpg,BKL,0.032248236,0.2499318,0.00035657536,0.00031405865,0.7119959,0.0026006692,0.0025527196
ISIC_0025391.jpg,MEL,0.8305845,0.011454312,3.722107e-05,0.0021439365,0.15563,0.00013763255,1.23791715e-05
ISIC_0025394.jpg,NV,0.19341134,0.65811634,0.008552918,0.0019926967,0.12579204,0.009816604,0.0023180621
ISIC_0025409.jpg,MEL,0.31773415,0.110246055,0.07368102,0.21601768,0.24799414,0.024864893,0.009462087
ISIC_0025450.jpg,NV,0.037477743,0.89065486,0.002018104,0.0002632335,0.022727363,0.03906098,0.007797626
ISIC_0025451.jpg,MEL,0.79181147,0.20118079,0.00015035975,0.00092913845,0.0051949704,0.00012138415,0.00061197823
ISIC_0025512.jpg,MEL,0.6381,0.30614805,0.012014563,0.0003787221,0.038462818,0.0014467682,0.0034489818
ISIC_0025531.jpg,BKL,0.05263966,0.020381466,0.00085368764,0.09393059,0.813835,0.004755594,0.013603967
ISIC_0025603.jpg,MEL,0.72940105,0.103886954,0.004318779,0.0036252574,0.12804209,0.025150467,0.0055753505
ISIC_0025744.jpg,MEL,0.7373993,0.024205009,0.016829386,0.016513254,0.2015137,0.0030402932,0.00049898494
ISIC_0025751.jpg,MEL,0.91879386,0.05458587,0.0007774864,0.0037245494,0.0077183256,0.00045346576,0.013946433
ISIC_0025835.jpg,NV,0.40559724,0.5368784,0.016039494,0.0034438276,0.020902228,0.0010314436,0.016107373
ISIC_0025891.jpg,MEL,0.4169609,0.3833844,0.004409042,0.018713651,0.13875493,0.03280091,0.004976168
ISIC_0025955.jpg,MEL,0.68138826,0.23553997,0.02454819,0.007711938,0.0116364695,0.010068292,0.029106924
ISIC_0026113.jpg,MEL,0.98025584,0.015722498,0.00012675463,0.00019395372,0.0034746672,6.843706e-05,0.0001579001
ISIC_0026115.jpg,MEL,0.535931,0.007363357,0.007839363,0.016827188,0.43097013,2.8295035e-05,0.001040666
ISIC_0026120.jpg,MEL,0.9334842,0.0025675502,0.041306444,0.011898199,0.008357736,0.00016677122,0.0022190807
ISIC_0026281.jpg,MEL,0.904658,0.0014443081,0.024760107,0.0014081838,0.06718957,5.710189e-05,0.00048269427
ISIC_0026296.jpg,NV,0.20076503,0.5350257,0.014735358,0.0040333453,0.057337373,0.008254054,0.17984918
ISIC_0026352.jpg,NV,0.43160105,0.5103099,0.00047132568,0.02176682,0.0096079325,0.023821771,0.0024212063
ISIC_0026531.jpg,MEL,0.961214,0.0036647515,0.00037118845,0.00012095444,0.0052936925,2.8982704e-05,0.029306328
ISIC_0026622.jpg,MEL,0.8644679,0.005730832,0.019536477,0.00017049848,0.10415544,0.00049876375,0.0054400396
ISIC_0026853.jpg,MEL,0.5863126,0.0054199737,0.0066122944,0.0014974534,0.39703992,0.002290312,0.00082748674
ISIC_0026993.jpg,MEL,0.9328054,0.007108909,0.00017196492,0.0013774069,0.024848597,7.0641465e-05,0.033617076
ISIC_0026996.jpg,MEL,0.6870482,0.2806747,0.001970603,0.0014993243,0.022238318,0.00311919,0.0034495953
ISIC_0027033.jpg,NV,0.2029366,0.46371627,0.011726804,0.04329992,0.25421923,0.017778933,0.006322222
ISIC_0027043.jpg,NV,0.2686783,0.5764821,0.022334844,0.016847227,0.08962039,0.017068619,0.008968528
ISIC_0027060.jpg,NV,0.35451585,0.52676606,0.00810631,0.0005196862,0.10240325,0.00316444,0.0045243623
ISIC_0027089.jpg,NV,0.10355051,0.89021903,0.00086270185,0.0016379746,0.001614754,0.0012805089,0.00083448284
ISIC_0027100.jpg,BKL,0.2712942,0.01403607,0.0011423351,0.007065921,0.706055,0.00010354725,0.00030290164
ISIC_0027174.jpg,NV,0.0014188022,0.56083584,0.15045862,0.1070468,0.00093320006,0.16801025,0.011296511
ISIC_0027190.jpg,MEL,0.48125756,0.09120932,0.00051420956,0.001889234,0.42067704,0.002899383,0.0015533058
ISIC_0027263.jpg,MEL,0.8609743,0.0016434614,0.0008045623,0.0004822878,0.12905768,2.1381735e-05,0.007016236
ISIC_0027327.jpg,MEL,0.8456062,0.025585616,0.0014487208,0.00040394775,0.122353576,0.00026760445,0.004334357
ISIC_0027359.jpg,MEL,0.5373909,0.35378045,0.0030913225,0.0029216262,0.10057645,0.00050423754,0.0017350605
ISIC_0027387.jpg,MEL,0.33765367,0.24593778,0.32371166,0.010012381,0.037500188,0.0066284146,0.038555972
ISIC_0027407.jpg,MEL,0.70540696,0.14300598,0.0141318925,0.007880547,0.12797421,0.000957019,0.0006433347
ISIC_0027507.jpg,MEL,0.8235063,0.12703377,0.0004877668,0.0073841084,0.04044167,0.0006928622,0.00045358957
ISIC_0027561.jpg,BKL,0.0043044775,0.0021477095,0.0011400945,0.324117,0.6636083,0.004603761,7.865128e-05
ISIC_0027616.jpg,VASC,0.110736236,0.084886536,0.029291496,0.0013960282,0.3293786,0.002269148,0.4420419
ISIC_0027659.jpg,MEL,0.88774467,0.024000784,0.0013052821,0.0003741424,0.08428268,0.00092900736,0.0013635327
ISIC_0027769.jpg,MEL,0.9540612,0.021730075,0.0027347372,0.00041257992,0.018137692,0.0021535952,0.0007701207
ISIC_0027822.jpg,BKL,0.20348465,0.09057164,0.0003341005,0.014125603,0.69126266,9.1733964e-05,0.00012959147
ISIC_0027832.jpg,BKL,0.23413906,0.28222337,0.05849264,0.00096020754,0.41267604,0.00908998,0.0024187546
ISIC_0028109.jpg,MEL,0.53887147,0.3290768,0.00094777887,0.0008014514,0.055368155,0.0015476295,0.073386766
ISIC_0028211.jpg,BKL,0.20942046,0.01898939,0.24040408,0.047953002,0.47885278,0.004025141,0.00035512558
ISIC_0028219.jpg,NV,0.119939044,0.6845274,0.0170675,0.0016212916,0.018621955,0.01208538,0.14613734
ISIC_0028228.jpg,MEL,0.92466265,0.029368753,0.00038409934,0.00014068982,0.044291522,0.000915481,0.00023669103
ISIC_0028291.jpg,MEL,0.49211842,0.0638187,0.0012536907,0.000694197,0.32340547,0.048083227,0.0706263
ISIC_0028325.jpg,MEL,0.815083,0.025710922,0.0013116652,4.4331482e-05,0.15639883,0.0008122201,0.00063890294
ISIC_0028326.jpg,NV,0.25534862,0.6216649,0.020741254,0.0017050373,0.09427244,0.0011623664,0.0051054093
ISIC_0028352.jpg,MEL,0.80446017,0.045436505,0.038978875,0.024853399,0.082903884,0.0011565316,0.0022106583
ISIC_0028361.jpg,MEL,0.9932035,0.00021972186,0.0010744699,0.0011427903,0.0037811655,1.4038928e-05,0.00056427927
ISIC_0028412.jpg,MEL,0.9758917,0.008525828,0.003694339,0.0054199686,0.005477264,0.000117747106,0.00087309285
ISIC_0028467.jpg,MEL,0.50581026,0.3443811,0.012938657,0.017249972,0.07407972,0.0015396579,0.04400067
ISIC_0028548.jpg,BKL,0.40261617,0.014262341,0.0018549487,0.0009449503,0.57963586,0.00014547979,0.0005402983
ISIC_0028582.jpg,NV,0.10081125,0.8836888,0.00083305105,0.0005662853,0.00703587,0.004931855,0.0021327997
ISIC_0028696.jpg,MEL,0.71268326,0.21059795,0.0046899044,0.0059451587,0.047216482,0.004967428,0.013899751
ISIC_0028773.jpg,MEL,0.67536026,0.25331253,0.00027019932,0.000608133,0.06716846,0.0027637992,0.0005165793
ISIC_0028847.jpg,MEL,0.8440083,0.047791865,0.0054669883,0.061652154,0.03996194,0.0007334609,0.00038528125
ISIC_0028915.jpg,MEL,0.8285743,0.09736835,0.045260757,0.0025412359,0.021751294,0.0018107557,0.0026933367
ISIC_0029000.jpg,MEL,0.56738913,0.22924766,0.050047327,0.01973169,0.014287117,0.0043259244,0.11497108
ISIC_0029033.jpg,MEL,0.58616257,0.3399307,0.0064643016,0.04817611,0.014679088,0.0011600076,0.003427204
ISIC_0029056.jpg,MEL,0.7503751,0.022208227,0.0061316756,0.07866774,0.14094724,0.00026078353,0.001409218
ISIC_0029081.jpg,MEL,0.75503445,0.04914659,0.00919982,0.0071820393,0.16903174,0.0085366955,0.0018686373
ISIC_0029163.jpg,MEL,0.585758,0.0072230673,0.12809086,0.0044985646,0.27222127,0.0007808288,0.001427444
ISIC_0029209.jpg,BCC,0.06725808,0.028642828,0.7998278,0.048384994,0.04770524,0.004803717,0.0033773242
ISIC_0029216.jpg,DF,0.02974616,0.0677466,0.124555364,0.14029989,0.025639256,0.58607537,0.025937315
ISIC_0029343.jpg,NV,0.28686067,0.4338235,0.0044817626,0.042144526,0.14975074,0.036233615,0.0467052
ISIC_0029480.jpg,BKL,0.18035279,0.056901142,0.0017677605,0.017408788,0.7345099,0.007177803,0.0018818653
ISIC_0029538.jpg,MEL,0.6071923,0.2601897,0.005931057,0.0020863747,0.05698534,0.0049165334,0.06269875
ISIC_0029571.jpg,MEL,0.49058792,0.45884746,0.00362582,0.0009883074,0.042478714,0.0023883362,0.0010834049
ISIC_0029913.jpg,VASC,0.09057554,0.2767323,0.0046501933,0.001387814,0.046169385,0.029693434,0.5507914
ISIC_0029937.jpg,MEL,0.60946774,0.16297066,0.040458884,0.045688137,0.036163162,0.09052708,0.014724279
ISIC_0030002.jpg,MEL,0.8124583,0.040914852,0.006931492,0.032897603,0.09335661,0.009793661,0.0036475034
ISIC_0030031.jpg,MEL,0.65642226,0.015338079,0.0044201277,0.06781577,0.25460812,0.00042043524,0.00097519625
ISIC_0030032.jpg,MEL,0.72506267,0.11804892,0.007725881,0.04925019,0.0993183,0.00032205065,0.0002720878
ISIC_0030106.jpg,MEL,0.5702494,0.13192546,0.0019120224,0.18214048,0.09835406,0.009598803,0.0058197915
ISIC_0030119.jpg,BKL,0.04708346,0.0013454114,0.06483723,0.02547629,0.8561091,0.002912688,0.002235815
ISIC_0030129.jpg,MEL,0.4684382,0.1511724,0.0023578443,0.0063393074,0.36668327,0.0044925483,0.0005164625
ISIC_0030134.jpg,MEL,0.31676134,0.26235864,0.009002051,0.0068045123,0.11450375,0.1186011,0.17196868
ISIC_0030183.jpg,MEL,0.94537264,0.007479389,0.00023766502,0.00011010905,0.042683166,0.00016502911,0.0039520264
ISIC_0030223.jpg,MEL,0.95887405,0.012052901,0.0006589811,0.0006107938,0.022017768,0.0018245624,0.003960923
ISIC_0030255.jpg,NV,0.28032944,0.56235605,0.019068863,0.04559497,0.0674852,0.01875044,0.006414971
ISIC_0030360.jpg,BKL,0.17466314,0.020959217,0.004402317,0.10711764,0.6796266,0.012893246,0.00033788278
ISIC_0030391.jpg,NV,0.39241922,0.5836668,0.0004535233,0.0049759746,0.01789858,0.0003132695,0.0002726539
ISIC_0030445.jpg,MEL,0.904096,0.011226619,0.016041823,0.001730933,0.061969895,0.0033106192,0.0016239921
ISIC_0030486.jpg,BKL,0.32956332,0.14889911,0.11716376,0.0090437895,0.34898862,0.0009715225,0.04536991
ISIC_0030521.jpg,MEL,0.5177614,0.31212172,0.048294004,0.005015165,0.055901196,0.0033957225,0.05751083
ISIC_0030539.jpg,MEL,0.5895467,0.006997542,0.10420297,0.018749926,0.23627116,0.04391306,0.00031869463
ISIC_0030552.jpg,NV,0.21915497,0.5749299,0.11006588,0.030026214,0.030122852,0.004636985,0.031063216
ISIC_0030623.jpg,MEL,0.7285482,0.015087241,0.004991817,0.0006083296,0.004559547,0.0008590812,0.24534565
ISIC_0030653.jpg,MEL,0.7380655,0.16229789,0.023762926,0.0046900404,0.06799336,0.00047779703,0.0027124956
ISIC_0030759.jpg,BKL,0.002513491,0.0003576927,0.0087044425,0.0050802617,0.9823094,0.00065253535,0.00038218746
ISIC_0030798.jpg,MEL,0.86072606,0.013177594,0.0072395364,0.0005665084,0.11107524,0.00287599,0.004339109
ISIC_0030818.jpg,MEL,0.48949444,0.45498094,0.028522773,0.01020331,0.009542056,0.0046785544,0.0025780096
ISIC_0030828.jpg,MEL,0.3615899,0.26536733,0.042980943,0.013070534,0.061547495,0.0014739633,0.25396988
ISIC_0030901.jpg,MEL,0.7470419,0.015851678,0.016885933,0.0007654838,0.19949314,0.017755559,0.002206302
ISIC_0030951.jpg,BKL,0.45397213,0.04153242,0.00022294799,0.0010623633,0.50145966,0.0015341729,0.00021634305
ISIC_0030995.jpg,BKL,0.20623715,0.2332174,0.0063982974,0.0026238458,0.43371028,0.110902235,0.006910777
ISIC_0031023.jpg,MEL,0.69372,0.07303106,0.06550538,0.0027477834,0.13643017,0.001035503,0.02753014
ISIC_0031303.jpg,BKL,0.30286217,0.014019715,0.009002914,0.17227109,0.49989846,0.001116383,0.000829203
ISIC_0031377.jpg,NV,0.3039748,0.41351977,0.009084976,0.0038631784,0.24815153,0.013769536,0.007636212
ISIC_0031386.jpg,MEL,0.47957528,0.374075,0.0006681352,0.00095707085,0.122467645,0.021036778,0.0012201145
ISIC_0031406.jpg,NV,0.14113496,0.59864634,0.2100805,0.0014366613,0.016934205,0.0076663382,0.024100982
ISIC_0031499.jpg,MEL,0.77465165,0.039921403,0.0073907515,0.102705054,0.07243731,0.002817639,7.6223376e-05
ISIC_0031545.jpg,MEL,0.6369342,0.16236621,0.004014654,0.00065286714,0.17632058,0.00084112847,0.018870253
ISIC_0031550.jpg,MEL,0.83148205,0.068352796,0.005235319,0.011115762,0.08252091,0.00060891116,0.00068421516
ISIC_0031711.jpg,MEL,0.43101132,0.406954,0.00066117203,0.007365205,0.10333388,0.0041485825,0.04652592
ISIC_0031779.jpg,BKL,0.040573142,0.0023698679,0.002270545,0.015213031,0.937964,0.0015146433,9.476683e-05
ISIC_0031784.jpg,MEL,0.94438475,0.042607572,0.00042099957,0.00052130304,0.011742834,0.000121182195,0.00020134081
ISIC_0031844.jpg,NV,0.11942617,0.66323775,0.046383735,0.01820529,0.11294138,0.023312936,0.016492683
ISIC_0031915.jpg,BKL,0.27327567,0.022934828,0.002401703,0.00060247234,0.6909316,0.00966089,0.00019281612
ISIC_0031941.jpg,MEL,0.9190762,0.005943548,0.002987894,0.0003674098,0.07085854,0.00027536636,0.0004909947
ISIC_0031953.jpg,MEL,0.2807407,0.24492212,0.18904378,0.014773683,0.23513265,0.02688755,0.00849957
ISIC_0031958.jpg,MEL,0.784271,0.0028372589,0.00032629547,0.001374569,0.21089613,0.0002661978,2.8557353e-05
ISIC_0031972.jpg,BKL,0.026590083,0.0020874823,0.010040793,0.0065215263,0.94445866,0.010195592,0.00010595546
ISIC_0031977.jpg,MEL,0.8676639,0.08837373,0.00025110613,0.002377993,0.040604122,0.00048386882,0.00024517794
ISIC_0032019.jpg,MEL,0.56475466,0.051963035,0.015859734,0.00063534535,0.3582321,5.5718472e-05,0.008499501
ISIC_0032036.jpg,BKL,0.17049865,0.022477256,0.00011695571,0.003687556,0.79918367,0.001568447,0.0024674488
ISIC_0032044.jpg,MEL,0.94297326,0.004034379,0.0002308187,0.0077185947,0.044805642,0.00012790356,0.0001094755
ISIC_0032046.jpg,BKL,0.06276407,0.09385741,0.06359567,0.005283923,0.7315133,0.005305332,0.037680272
ISIC_0032152.jpg,BKL,0.2588848,0.15837762,0.02047903,0.1511846,0.40422472,0.0056934245,0.0011557977
ISIC_0032207.jpg,BKL,0.062464915,0.35600752,0.08963383,0.013557284,0.45340574,0.0032012938,0.021729384
ISIC_0032232.jpg,MEL,0.68181276,0.10735998,0.0072064996,0.09579349,0.10672911,0.0005225394,0.00057555747
ISIC_0032265.jpg,MEL,0.91228944,0.060137965,0.00032027133,0.00019536946,0.02589067,0.00086837786,0.00029794747
ISIC_0032313.jpg,MEL,0.8635793,0.02102042,0.057218753,0.010621528,0.045919336,0.00011224936,0.001528474
ISIC_0032331.jpg,MEL,0.6723546,0.1681002,0.0006187101,0.0054904856,0.15101133,0.0007769987,0.0016477277
ISIC_0032396.jpg,MEL,0.9466423,0.0143950945,0.0009692007,0.00019429914,0.019733708,0.00026539693,0.017800108
ISIC_0032408.jpg,MEL,0.96729106,0.0015412208,0.01488596,0.0025064638,0.007872676,1.1023629e-05,0.00589164
ISIC_0032433.jpg,MEL,0.49253494,0.24270514,0.0014614379,0.0038721573,0.25489405,0.0019729193,0.002559352
ISIC_0032441.jpg,MEL,0.77114904,0.07790944,0.0012576715,0.0073529924,0.14194264,8.8882625e-05,0.00029935729
ISIC_0032509.jpg,NV,0.36734542,0.5546028,0.032922223,0.00014666647,0.044765104,4.16427e-05,0.0001761618
ISIC_0032532.jpg,MEL,0.87507635,0.06433858,0.00011504624,0.0014242766,0.05887015,0.00011004035,6.556982e-05
ISIC_0032537.jpg,MEL,0.55247575,0.3254588,0.018982386,0.011329613,0.078927346,0.00048926263,0.01233692
ISIC_0032544.jpg,MEL,0.984706,0.007187778,6.248394e-05,0.00034510007,0.0072173006,0.00011132596,0.0003700447
ISIC_0032550.jpg,NV,0.3245485,0.51717746,0.0017697584,0.0032420114,0.14858845,0.0030309467,0.0016428303
ISIC_0032559.jpg,NV,0.14377555,0.5313674,0.0038934324,0.040643297,0.26379472,0.005958492,0.01056717
ISIC_0032569.jpg,NV,0.0058645667,0.9214155,0.027375383,0.0017030936,0.011909171,0.0036024642,0.028129866
ISIC_0032586.jpg,MEL,0.97969776,0.0068124193,0.00039576564,0.003601744,0.009321153,5.022935e-05,0.00012095862
ISIC_0032596.jpg,MEL,0.82815886,0.15623431,0.0005218887,0.0050838706,0.008704323,0.000751021,0.0005457254
ISIC_0032602.jpg,MEL,0.981518,0.0147170555,0.0009356041,0.0011250474,0.0014113256,0.00012428022,0.00016877659
ISIC_0032624.jpg,MEL,0.84718215,0.114360824,0.0013921624,0.0062660608,0.027518772,8.689613e-05,0.0031931745
ISIC_0032626.jpg,MEL,0.9121376,0.007808048,0.00022379715,0.000822772,0.07488885,0.000289838,0.00382901
ISIC_0032629.jpg,MEL,0.69495636,0.06028142,0.01600394,0.048230607,0.16542496,0.0008563633,0.014246318
ISIC_0032630.jpg,MEL,0.92232454,0.049747445,0.0031698812,0.0057216818,0.014104164,0.00010527662,0.0048269783
ISIC_0032638.jpg,MEL,0.6335034,0.28866863,0.010049336,0.0015961108,0.059534047,0.003956661,0.00269176
ISIC_0032653.jpg,BCC,0.0452499,0.23674269,0.61945873,0.018373417,0.032454964,0.002856365,0.044863943
ISIC_0032662.jpg,MEL,0.90439534,0.062375583,0.0025595066,0.00028522415,0.02951348,0.0002508606,0.00061997294
ISIC_0032687.jpg,NV,0.21316028,0.5382151,0.0019491818,0.0048674997,0.22400278,0.016275054,0.001530072
ISIC_0032716.jpg,MEL,0.912127,0.065062225,0.00092854263,0.0029629504,0.008102782,9.158751e-05,0.0107248705
ISIC_0032722.jpg,NV,0.13252594,0.5188158,0.26651338,0.05358729,0.019189687,0.007817496,0.0015504227
ISIC_0032723.jpg,MEL,0.7878551,0.115272895,0.00017649546,0.0005108505,0.09505163,0.00037854456,0.0007544857
ISIC_0032724.jpg,MEL,0.6190997,0.3323892,0.0074291034,0.00083147635,0.03536989,0.00093729113,0.0039434414
ISIC_0032730.jpg,MEL,0.9082773,0.076431386,0.00091003074,0.009809815,0.0028558413,0.00021512239,0.0015005074
ISIC_0032750.jpg,MEL,0.92385024,0.046643037,7.0673654e-05,0.0008923935,0.028059904,0.00036068098,0.0001230921
ISIC_0032812.jpg,NV,0.08528033,0.45702046,0.029690156,0.0019117304,0.006901178,0.001952382,0.41724378
ISIC_0032833.jpg,NV,0.4565479,0.51706856,0.004066648,0.0028190415,0.011783845,0.0022164164,0.0054976298
ISIC_0032836.jpg,MEL,0.7465158,0.22467755,0.00036867012,0.00043631313,0.020324068,0.000495844,0.007181723
ISIC_0032847.jpg,MEL,0.93915075,0.050417386,0.00024191084,0.00035889327,0.009638318,0.00011847556,7.431504e-05
ISIC_0032862.jpg,MEL,0.7404207,0.043666255,0.08277065,0.0018527894,0.0046709953,0.00045151354,0.12616701
ISIC_0032870.jpg,MEL,0.616534,0.0035384279,0.008482283,0.00040359178,0.36965853,0.000101677375,0.0012814873
ISIC_0032875.jpg,MEL,0.7453559,0.15507399,0.0004008387,0.0020579903,0.08891685,0.00060880167,0.0075856713
ISIC_0032888.jpg,MEL,0.86289483,0.036702275,0.00048947264,0.0008426559,0.096907966,0.00018732848,0.0019755296
ISIC_0032903.jpg,MEL,0.5886812,0.17045787,0.019702129,0.01833956,0.19938385,0.00050278555,0.0029325532
ISIC_0032913.jpg,MEL,0.96118826,0.0018086287,0.00022209255,0.000712234,0.035572115,0.00041155049,8.5104584e-05
ISIC_0032927.jpg,NV,0.24869429,0.70083266,0.00460973,0.009751668,0.024210462,0.010905332,0.0009958944
ISIC_0032965.jpg,MEL,0.8470953,0.13040681,0.0009855087,0.0012432496,0.017529128,0.0003440406,0.0023959249
ISIC_0032968.jpg,BKL,0.2308344,0.0025848849,0.0021111032,0.020563502,0.7420815,0.0012906903,0.00053393544
ISIC_0032982.jpg,NV,0.19368063,0.5686465,0.0896123,0.09373143,0.031873785,0.0121160755,0.01033935
ISIC_0032988.jpg,MEL,0.6340881,0.010606008,0.022823019,0.014273576,0.31559706,0.0024724994,0.00013976496
ISIC_0033027.jpg,BCC,0.0041211257,0.020828316,0.873785,0.00058022817,0.08286518,0.007315609,0.010504607
ISIC_0033029.jpg,NV,0.18828964,0.48094052,0.112184495,0.0074052927,0.17327523,0.005807103,0.032097716
ISIC_0033068.jpg,MEL,0.9383749,0.009034566,0.00017747378,0.0010243548,0.05128958,5.5470027e-05,4.359023e-05
ISIC_0033073.jpg,MEL,0.586801,0.14017004,0.02290445,0.021252625,0.089039594,0.004819315,0.13501301
ISIC_0033074.jpg,NV,0.10384674,0.8141069,0.041131962,0.0030507979,0.022286471,0.0065429364,0.009034196
ISIC_0033089.jpg,MEL,0.6621817,0.023394322,0.009616557,0.19316013,0.11060032,0.00095130707,9.5714386e-05
ISIC_0033103.jpg,MEL,0.5891965,0.21786714,0.018895192,0.031198267,0.10423249,0.0012187873,0.03739163
ISIC_0033122.jpg,MEL,0.6796413,0.24068354,0.025036499,0.01099283,0.038792204,0.0013548452,0.0034988439
ISIC_0033125.jpg,MEL,0.51434773,0.19118789,0.007926205,0.052703958,0.20707396,0.022398427,0.004361881
ISIC_0033152.jpg,NV,0.3714696,0.48390168,0.009757359,0.0013883736,0.12851882,0.001479465,0.00348464
ISIC_0033196.jpg,NV,0.13923192,0.46146217,0.06975977,0.087095,0.23071098,0.006539185,0.0052008973
ISIC_0033206.jpg,MEL,0.90132225,0.07863313,0.0023084402,0.0028631575,0.010663226,0.0006072607,0.0036025099
ISIC_0033216.jpg,MEL,0.64330167,0.29940632,0.005193733,0.039272062,0.0055441577,0.001625701,0.0056563243
ISIC_0033226.jpg,MEL,0.6596107,0.25836164,0.0027814975,0.0034209804,0.0729939,0.001922163,0.0009091083
ISIC_0033240.jpg,MEL,0.79138803,0.039785028,0.006595161,0.0068370085,0.15413493,0.0002297782,0.0010300752
ISIC_0033268.jpg,MEL,0.8004517,0.11021273,0.0002606262,0.0023442493,0.08490157,0.00067843613,0.0011507245
ISIC_0033278.jpg,MEL,0.7708074,0.06401004,0.008395433,0.030878266,0.110761724,0.003896441,0.011250692
ISIC_0033279.jpg,MEL,0.43961304,0.38633946,0.037975393,0.011369662,0.06071508,0.0028852997,0.061102156
ISIC_0033287.jpg,BKL,0.32979363,0.1548189,0.041692484,0.0011716873,0.4710795,0.0006934104,0.0007503406
ISIC_0033300.jpg,MEL,0.59535366,0.33469808,0.0022959188,0.0024597505,0.04374362,0.010452444,0.0109965075
ISIC_0033304.jpg,MEL,0.972801,0.014443484,0.00029893022,0.00060873857,0.009802372,0.00014364044,0.0019018239
ISIC_0033333.jpg,MEL,0.67620534,0.07680148,0.001294047,0.0022170807,0.22154947,0.00021751496,0.021715073
ISIC_0033344.jpg,BKL,0.4072492,0.0097983815,0.021074506,0.015024656,0.545334,0.0013508805,0.00016835846
ISIC_0033369.jpg,MEL,0.9744942,0.016306926,0.00051914266,0.00077577354,0.003023158,4.2172283e-05,0.004838554
ISIC_0033377.jpg,VASC,0.21718805,0.08169156,0.010315128,0.021716835,0.042914525,0.009127138,0.6170468
ISIC_0033392.jpg,MEL,0.9839723,0.0063630133,0.0022581064,0.0018079742,0.0046044528,1.7439095e-05,0.0009767833
ISIC_0033393.jpg,MEL,0.886199,0.05017744,0.017918313,0.004899725,0.027998459,0.001328744,0.01147836
ISIC_0033399.jpg,MEL,0.96887857,0.016082682,0.001639972,0.001088273,0.008256153,0.00014206133,0.003912277
ISIC_0033416.jpg,MEL,0.7640447,0.20930946,0.0054087527,0.0060603176,0.012330833,0.00056938507,0.0022765705
ISIC_0033428.jpg,MEL,0.91656345,0.0005237925,0.00013810254,4.3427055e-05,0.08256737,2.6712158e-05,0.00013712049
ISIC_0033429.jpg,MEL,0.8206316,0.16324332,0.001496166,0.001365643,0.012751805,0.0003764533,0.00013489857
ISIC_0033431.jpg,VASC,0.17396832,0.00055524445,0.006331347,0.0005330621,0.14285849,0.00027112424,0.67548245
ISIC_0033432.jpg,MEL,0.7040832,0.22953106,0.008137834,0.016038233,0.024317399,0.012286292,0.0056058997
ISIC_0033452.jpg,MEL,0.92863345,0.04947712,0.0046830014,0.0017386697,0.0127094,0.00016965147,0.0025886777
ISIC_0033470.jpg,MEL,0.9346708,0.041645925,0.0010155629,0.004158839,0.012022007,0.0002539158,0.006232936
ISIC_0033476.jpg,MEL,0.8134619,0.1716634,0.0025438531,0.003186787,0.0068153273,0.00096909684,0.0013595246
ISIC_0033487.jpg,MEL,0.8627919,0.04814891,0.03379665,0.013038146,0.026485533,0.0030259446,0.0127130365
ISIC_0033496.jpg,NV,0.23768196,0.72352743,0.00336007,0.0052258,0.020946389,0.0070968773,0.0021614435
ISIC_0033498.jpg,MEL,0.9660877,0.019756842,0.0021469065,0.0017685496,0.009879458,0.0002670411,9.354735e-05
ISIC_0033500.jpg,MEL,0.6434793,0.09411437,0.001724051,0.015542144,0.24336058,0.0017450457,3.4551722e-05
ISIC_0033522.jpg,MEL,0.5274267,0.07537901,0.00041989828,0.0035114978,0.39155865,8.438974e-05,0.001619846
ISIC_0033526.jpg,MEL,0.945911,0.013977252,0.0026311085,0.0015919665,0.034372315,0.00091415894,0.0006023391
ISIC_0033545.jpg,MEL,0.502397,0.43249494,0.0096202,0.027294489,0.023242187,0.004350534,0.00060061883
ISIC_0033546.jpg,MEL,0.5055524,0.28316242,0.037529033,0.0057299756,0.08925226,0.0028789863,0.07589494
ISIC_0033560.jpg,MEL,0.9620523,0.015800096,0.00037094377,0.000987939,0.018533794,0.00014440378,0.0021104934
ISIC_0033562.jpg,MEL,0.40953606,0.17584123,0.011670179,0.27558413,0.12639776,0.00037321393,0.00059746957
ISIC_0033568.jpg,MEL,0.8496367,0.14202055,0.0009698852,0.0010839842,0.004760361,0.00020537483,0.0013231979
ISIC_0033573.jpg,MEL,0.9837226,0.009275493,0.00014471689,0.00036703996,0.0038884797,2.0087342e-05,0.0025816087
ISIC_0033607.jpg,MEL,0.7563707,0.21455112,0.0015326325,0.0010195717,0.02118987,0.0014914843,0.0038446414
ISIC_0033619.jpg,MEL,0.60541064,0.24395518,0.098924205,0.0030891947,0.009326505,0.0036850444,0.035609294
ISIC_0033636.jpg,MEL,0.9803475,0.0022791424,0.004110579,0.0045074807,0.008287082,0.00010218206,0.00036605404
ISIC_0033643.jpg,BKL,0.34881037,0.004560115,0.00030484755,0.00019291752,0.6454919,0.00033176236,0.0003080728
ISIC_0033651.jpg,MEL,0.9734794,0.0131066255,0.0011582093,0.0023248137,0.0073072803,8.890907e-05,0.0025347085
ISIC_0033653.jpg,MEL,0.6113152,0.24504124,0.0041324995,0.0029652726,0.1294708,0.0066921692,0.0003828255
ISIC_0033654.jpg,MEL,0.8312549,0.1652875,8.797578e-05,0.00014613093,0.0027327877,0.00026170877,0.00022899994
ISIC_0033655.jpg,MEL,0.7918019,0.11836694,0.006911935,0.079062745,0.0012904318,0.0003822426,0.0021837635
ISIC_0033678.jpg,MEL,0.99844736,0.000942768,2.563618e-05,0.00012811724,0.0004184014,2.232746e-05,1.537475e-05
ISIC_0033679.jpg,AKIEC,0.27416825,0.014841346,0.008542185,0.5583876,0.0024404707,0.14042176,0.0011984471
ISIC_0033700.jpg,NV,0.3977731,0.57672536,0.00045652126,0.0012169171,0.019969542,0.0020793478,0.0017792188
ISIC_0033704.jpg,MEL,0.5449244,0.17830795,0.008702644,0.10754586,0.11399779,0.0017331429,0.04478831
ISIC_0033708.jpg,BCC,0.014584224,0.0055617243,0.5228126,0.008758436,0.39095828,0.014201094,0.043123692
ISIC_0033804.jpg,MEL,0.6707651,0.30930477,0.0018349418,0.0028782068,0.007547932,0.0005535842,0.0071154325
ISIC_0033812.jpg,NV,0.24904837,0.4433351,0.0013605924,0.021252353,0.27532426,0.009339456,0.0003398644
ISIC_0033813.jpg,MEL,0.7123948,0.2471186,0.0019540924,0.0073948973,0.01846347,0.007807455,0.0048667286
ISIC_0033814.jpg,NV,0.08363353,0.50796443,0.029646663,0.07012754,0.24194936,0.003951442,0.06272698
ISIC_0033819.jpg,MEL,0.9777183,0.01168768,0.001210813,0.00088205107,0.006156335,0.0009988411,0.0013459201
ISIC_0033820.jpg,MEL,0.43385285,0.39688423,0.0132411495,0.014362201,0.06766095,0.0046867635,0.06931185
ISIC_0033831.jpg,MEL,0.9167889,0.06950548,0.000984966,0.0016853267,0.009473727,0.00015002354,0.0014116479
ISIC_0033834.jpg,MEL,0.9882784,0.004097857,8.50179e-05,0.003484848,0.0038426956,0.00014713315,6.4102336e-05
ISIC_0033843.jpg,MEL,0.90002537,0.054823447,0.003518206,0.0015587738,0.034313705,0.002843789,0.0029167216
ISIC_0033883.jpg,MEL,0.87807953,0.10443639,1.5553052e-05,0.000759067,0.0164708,0.00017977886,5.890403e-05
ISIC_0033893.jpg,MEL,0.84245676,0.017495373,0.001130726,0.0025042498,0.083692685,0.00012528457,0.052594915
ISIC_0033905.jpg,MEL,0.9389776,0.02761593,0.00051188486,0.0023127764,0.026982544,0.0009975847,0.0026017358
ISIC_0033946.jpg,MEL,0.8621914,0.064879164,0.0021644894,0.0006692549,0.052527215,0.00055484107,0.01701361
ISIC_0033957.jpg,MEL,0.64238435,0.32795134,0.0060645966,0.008752817,0.010365016,0.0011732306,0.0033086322
ISIC_0033975.jpg,MEL,0.87375826,0.07923434,0.014920575,0.0067080436,0.003263136,0.02174658,0.00036901576
ISIC_0033977.jpg,MEL,0.8719111,0.054525685,0.0012272493,0.00022344093,0.070071936,0.00013193417,0.0019085807
ISIC_0033981.jpg,MEL,0.98129565,0.0032043464,4.1198273e-05,4.8002366e-05,0.015193568,0.00016389175,5.3289157e-05
ISIC_0034000.jpg,MEL,0.9206156,0.013720187,0.0006779889,0.0014227714,0.031590767,0.0002944335,0.03167823
ISIC_0034002.jpg,MEL,0.7423155,0.22084242,0.0015760091,0.0032444051,0.026787655,0.00033317544,0.0049008755
ISIC_0034036.jpg,MEL,0.7072079,0.1600968,0.001410927,0.0010729771,0.12751704,0.0005501679,0.0021442203
ISIC_0034049.jpg,MEL,0.8777721,0.07536732,0.00059406675,0.0008027106,0.036746617,0.00035286238,0.00836431
ISIC_0034050.jpg,MEL,0.89749575,0.015505739,0.00042635307,0.0006670607,0.07927029,0.00016200003,0.006472839
ISIC_0034051.jpg,MEL,0.63597935,0.070289195,0.013776847,0.041735105,0.044015687,0.0008362745,0.19336754
ISIC_0034062.jpg,NV,0.32104406,0.4621093,0.0026963437,0.0063265637,0.20574434,0.00029465742,0.00178469
ISIC_0034064.jpg,NV,0.004295135,0.711465,0.2682028,0.0010605413,0.0014176015,0.01106224,0.0024966365
ISIC_0034065.jpg,MEL,0.55611575,0.3553841,0.026146635,0.0017675166,0.011852307,0.0037790325,0.044954598
ISIC_0034068.jpg,MEL,0.6465851,0.0732565,0.0021459912,0.0018992912,0.27525082,0.00079916907,6.313377e-05
ISIC_0034071.jpg,MEL,0.95378524,0.018574743,8.840238e-05,0.0010236163,0.016604085,0.00018477657,0.009739197
ISIC_0034087.jpg,BCC,0.0098399725,0.42924565,0.52286667,0.0023381421,0.00436786,0.0016945071,0.02964717
ISIC_0034106.jpg,MEL,0.6060083,0.24576211,0.02031011,0.011015578,0.0930501,0.0022812623,0.021572493
ISIC_0034107.jpg,MEL,0.50879174,0.45011333,0.0054892288,0.0032501034,0.0045380555,0.00068111316,0.02713643
ISIC_0034118.jpg,MEL,0.84991944,0.08374113,0.0014350736,0.0020730812,0.057658568,0.0021071294,0.0030656273
ISIC_0034120.jpg,BKL,0.17688087,0.16273533,0.00039870344,0.0007575574,0.6409151,0.00038591347,0.0179266
ISIC_0034141.jpg,MEL,0.6335584,0.07689343,0.0045521613,0.024698801,0.25658083,0.00040105867,0.0033153263
ISIC_0034150.jpg,MEL,0.7877306,0.013594444,0.0011567824,0.024221295,0.1714865,0.0016186456,0.00019183966
ISIC_0034172.jpg,NV,0.36225092,0.51762426,0.049302436,0.008992392,0.019404385,0.0025230695,0.03990248
ISIC_0034183.jpg,MEL,0.69215876,0.2818006,0.00025639808,0.0012601,0.006557998,0.0006122664,0.017353877
ISIC_0034211.jpg,MEL,0.9351178,0.057473384,0.00020370109,0.00022012656,0.00477285,7.519631e-05,0.0021369678
ISIC_0034218.jpg,MEL,0.9748522,0.01240659,0.00030410007,0.005515184,0.0067188665,0.00016822004,3.4851797e-05
ISIC_0034222.jpg,NV,0.03075782,0.913871,0.028866543,0.0015269105,0.007627605,0.0060639186,0.011286215
ISIC_0034233.jpg,MEL,0.70258737,0.015669804,0.012517397,0.1184856,0.050990637,0.0006691644,0.09908003
ISIC_0034236.jpg,MEL,0.8920249,0.05710103,0.0071708104,0.021414753,0.011204301,0.0054892,0.005595068
ISIC_0034262.jpg,MEL,0.508935,0.089689165,0.004781847,0.049211774,0.2868638,0.0044547003,0.056063775
ISIC_0034263.jpg,MEL,0.9844971,0.004324182,0.0016965065,0.003994309,0.00521485,0.00019965583,7.343898e-05
ISIC_0034287.jpg,MEL,0.9453317,0.010645972,0.002372165,0.005531863,0.022812845,0.0008352039,0.012470294
ISIC_0024312.jpg,BCC,0.2700697,0.16569565,0.29575953,0.09158382,0.1549732,0.02063872,0.0012794039
ISIC_0024324.jpg,BKL,0.013997771,0.014353182,0.0016253269,0.0015747373,0.9651437,0.0015496196,0.0017556066
ISIC_0024381.jpg,MEL,0.56312823,0.08328596,0.0082845045,0.056532696,0.2651047,0.022383368,0.0012804576
ISIC_0024420.jpg,BKL,0.1502862,0.036017258,0.038292952,0.29371688,0.48135945,0.00017559301,0.00015163767
ISIC_0024446.jpg,BKL,0.045117725,0.03579139,0.008757276,0.005697034,0.881342,0.016393483,0.006901084
ISIC_0024489.jpg,BKL,0.27161247,0.005225904,0.007075643,0.008358827,0.57295114,0.13421276,0.0005632499
ISIC_0024495.jpg,NV,0.25813597,0.6152906,0.0010339171,0.023871664,0.099558786,0.0013156971,0.00079336064
ISIC_0024635.jpg,BKL,0.09995103,0.081522964,0.012336203,0.0018472744,0.79641414,0.0072943075,0.00063398946
ISIC_0024740.jpg,BKL,0.1065648,0.27462852,0.005093255,0.08894249,0.5154861,0.007476982,0.0018078842
ISIC_0024748.jpg,MEL,0.48254725,0.20124759,0.04744229,0.038634956,0.21920605,0.006746241,0.0041755843
ISIC_0024758.jpg,BKL,0.02806539,0.01988991,0.009582896,0.21374163,0.72476256,0.0030887919,0.00086870993
ISIC_0024761.jpg,BKL,0.020401834,0.046966445,0.066739514,0.06280285,0.7881947,0.013854496,0.0010401476
ISIC_0024770.jpg,BKL,0.078662634,0.00356675,0.05739458,0.0008179592,0.8565924,0.0021686982,0.0007969435
ISIC_0024774.jpg,BKL,0.05439549,0.05221291,0.0053918776,0.001048449,0.8637241,0.013630944,0.009596102
ISIC_0024782.jpg,MEL,0.68618256,0.19487374,0.022554604,0.0014269073,0.07204412,0.0025925057,0.020325532
ISIC_0024786.jpg,BKL,0.15497714,0.103051096,0.0008372861,0.0011121964,0.7237838,0.002851978,0.013386553
ISIC_0024814.jpg,MEL,0.5314534,0.019121405,0.0048596165,0.046020325,0.39271492,0.0027816955,0.0030486246
ISIC_0024850.jpg,BKL,0.05854057,0.093307935,0.00038162398,0.0018353604,0.83167547,0.013878545,0.0003804925
ISIC_0024877.jpg,BKL,0.11872992,0.0049492163,0.053253558,0.0072930697,0.8080091,0.0034047903,0.0043603242
ISIC_0024883.jpg,NV,0.17303877,0.6276428,0.17482263,0.004057045,0.018414702,0.0010766875,0.00094734906
ISIC_0024970.jpg,MEL,0.8142155,0.0037655293,0.017070701,0.007579485,0.15665784,0.00051301654,0.00019799374
ISIC_0024971.jpg,BKL,0.028769279,0.030557215,0.01357186,0.15097527,0.77412176,0.0015028553,0.00050186075
ISIC_0025016.jpg,BKL,0.011041194,0.0051244837,0.01018033,0.060431916,0.9118825,0.0010795288,0.00025997733
ISIC_0025030.jpg,BKL,0.13455874,0.011849776,0.11728684,0.09329096,0.64099693,0.001999632,1.7026927e-05
ISIC_0025040.jpg,NV,0.28038692,0.38862988,0.018905893,0.01252046,0.26234272,0.034513313,0.0027008422
ISIC_0025064.jpg,NV,0.033100873,0.78506345,0.08582517,0.074061446,0.018723765,0.002124659,0.001100664
ISIC_0025066.jpg,AKIEC,0.0914152,0.18497624,0.10329456,0.541541,0.06629695,0.006254964,0.0062211496
ISIC_0025083.jpg,BKL,0.15317434,0.11288786,0.0013256196,0.009369227,0.71763885,0.0045438297,0.0010602328
ISIC_0025086.jpg,BKL,0.06138919,0.038736727,0.0004914531,0.010910483,0.88572484,0.002411732,0.0003355226
ISIC_0025099.jpg,VASC,0.1883793,0.089914106,0.0026482989,0.001385456,0.13714613,0.0025807486,0.57794595
ISIC_0025113.jpg,BCC,0.03464892,0.2220949,0.24554995,0.23707968,0.23126227,0.02815046,0.0012138309
ISIC_0025140.jpg,BKL,0.23493208,0.02079917,0.0041085477,0.001743674,0.7346434,0.0012382355,0.0025348796
ISIC_0025275.jpg,VASC,0.08416825,0.044040572,0.025859304,0.008473851,0.051247597,0.0003488223,0.7858617
ISIC_0025286.jpg,NV,0.22154772,0.67293185,0.005963901,0.010543137,0.057056732,0.030668207,0.0012884667
ISIC_0025374.jpg,BKL,0.24279454,0.06870453,0.003998957,0.01041353,0.67055994,0.0027255428,0.0008029474
ISIC_0025376.jpg,BKL,0.11148075,0.38963762,0.034669336,0.019427905,0.43445224,0.0065306015,0.0038015684
ISIC_0025388.jpg,BKL,0.005785019,0.014448528,0.11575524,0.02623099,0.812946,0.017820004,0.0070141307
ISIC_0025419.jpg,MEL,0.624081,0.05127511,0.041233867,0.06971824,0.19071005,0.01100361,0.011978098
ISIC_0025434.jpg,BKL,0.009388393,0.038596377,0.0063583343,0.021022027,0.91660756,0.006885947,0.0011413491
ISIC_0025465.jpg,BKL,0.004326744,0.00043641715,4.6059595e-05,3.359485e-05,0.9944548,0.00042398716,0.0002784802
ISIC_0025510.jpg,BKL,0.12657315,0.012010487,0.0027499776,0.002720006,0.8178651,0.002220919,0.0358604
ISIC_0025515.jpg,BKL,0.15964071,0.012740519,0.0033777868,0.00092565746,0.8185303,0.00075096585,0.0040341243
ISIC_0025519.jpg,BKL,0.3972034,0.1018635,0.0026042766,0.008364316,0.4674096,0.021461748,0.0010930947
ISIC_0025548.jpg,BKL,0.34231383,0.2925899,0.0009940971,0.003663018,0.35831705,0.00057145074,0.0015506822
ISIC_0025567.jpg,BKL,0.0052803005,0.086327165,0.002179293,0.0057653887,0.8748273,0.012788373,0.0128321275
ISIC_0025575.jpg,BKL,0.009950442,0.010869875,0.1501679,0.3669759,0.4041833,0.055202834,0.0026497939
ISIC_0025583.jpg,BKL,0.34528658,0.015699241,0.0013094444,0.004601097,0.6303447,0.00256339,0.00019551456
ISIC_0025693.jpg,AKIEC,0.07744525,0.08474735,0.03243699,0.44817683,0.32269788,0.033410627,0.001085024
ISIC_0025699.jpg,BKL,0.07596671,0.13121778,3.9505645e-05,0.0012381371,0.7854352,0.0011762913,0.004926407
ISIC_0025767.jpg,BKL,0.0140978675,0.016547179,0.0005000047,0.0033002687,0.9166448,0.019483298,0.029426541
ISIC_0025819.jpg,BKL,0.016710147,0.014849292,0.0029092985,0.0020081026,0.91092944,0.051610593,0.0009830736
ISIC_0025906.jpg,BKL,0.27901208,0.056995437,0.047103643,0.0011723966,0.53838056,0.022578783,0.054757036
ISIC_0025928.jpg,BKL,0.20094162,0.023607958,0.032505468,0.19837877,0.5238806,0.01723926,0.0034462512
ISIC_0025937.jpg,BCC,0.12772489,0.28921992,0.29623717,0.0007562116,0.25696406,0.00737885,0.021718953
ISIC_0026018.jpg,BKL,0.15473688,0.008847887,2.7892667e-05,0.0033078003,0.8328214,0.00022595917,3.2151296e-05
ISIC_0026069.jpg,BKL,0.030195538,0.4096424,0.021954495,0.018951861,0.44277266,0.019376256,0.057106864
ISIC_0026153.jpg,MEL,0.62804365,0.080573514,0.0023447098,0.0061521693,0.27325264,0.0003469327,0.009286447
ISIC_0026249.jpg,NV,0.03794474,0.86184484,0.010383699,0.00264229,0.024887081,0.053290747,0.009006638
ISIC_0026263.jpg,BKL,0.023485001,0.0016239126,0.0014175301,0.014315354,0.9585596,0.00034444963,0.00025425776
ISIC_0026276.jpg,BKL,0.041110802,0.008471751,0.0130207315,0.0045418935,0.8908487,0.040538337,0.0014678348
ISIC_0026286.jpg,BKL,0.014322601,0.014833353,0.060304753,0.07225767,0.6388388,0.18198004,0.017462758
ISIC_0026290.jpg,BKL,0.33136517,0.017639507,0.000105956075,0.016288666,0.6340602,0.00052123325,1.9166333e-05
ISIC_0026351.jpg,BKL,0.113081485,0.04373613,0.2465742,0.0053746128,0.532584,0.014544871,0.044104714
ISIC_0026365.jpg,BKL,0.10031086,0.26152214,0.0036445702,0.22133753,0.382112,0.015831988,0.015240903
ISIC_0026444.jpg,BKL,0.4635578,0.014748662,0.006051356,0.007897334,0.49918023,0.0056955325,0.0028690875
ISIC_0026477.jpg,MEL,0.5283862,0.39342326,0.021849122,0.0075694425,0.0429904,0.0024174757,0.0033640955
ISIC_0026523.jpg,BKL,0.019609453,0.014149785,0.0051756306,0.42106792,0.5354888,0.004365271,0.00014319381
ISIC_0026524.jpg,NV,0.009837158,0.6028257,0.01741193,0.0057434766,0.30625302,0.05504645,0.002882226
ISIC_0026526.jpg,BKL,0.0034286822,0.010622585,0.029303864,0.014020363,0.92921335,0.003889729,0.0095214695
ISIC_0026532.jpg,BKL,0.023834448,0.037147578,0.00019445198,0.007171484,0.9135275,0.016182095,0.0019423208
ISIC_0026631.jpg,BKL,0.00019449201,2.1425738e-05,5.8078513e-05,0.00011007437,0.99944395,0.00016724323,4.635683e-06
ISIC_0026663.jpg,MEL,0.9152802,0.0011134725,0.0033913618,0.0011958759,0.07882114,0.00014262462,5.5381075e-05
ISIC_0026714.jpg,BKL,0.033628803,0.0373252,0.00052031456,0.0050802864,0.9233145,4.2486863e-05,8.837744e-05
ISIC_0026775.jpg,BKL,0.17314725,0.021628903,0.0050353864,0.048058078,0.700918,0.046577033,0.004635348
ISIC_0026803.jpg,BKL,0.05013508,0.0077476436,0.023010872,0.0011239053,0.83936745,0.044115894,0.03449912
ISIC_0026827.jpg,BKL,0.07608402,0.10981315,0.010653038,0.020622695,0.7794286,0.0017211029,0.001677465
ISIC_0026835.jpg,NV,0.0031290718,0.49003527,0.3173786,0.0041799573,0.14258735,0.003735953,0.03895374
ISIC_0026843.jpg,NV,0.1459812,0.6365465,0.14410351,0.003611349,0.043061167,0.011750861,0.014945361
ISIC_0026844.jpg,AKIEC,0.17995991,0.052069034,0.05593419,0.50244975,0.20406461,0.0040768236,0.0014456456
ISIC_0026958.jpg,BKL,0.29360288,0.058865927,0.08381293,0.05049475,0.4939332,0.0076455334,0.011644734
ISIC_0026967.jpg,BKL,0.0015524406,0.061726414,0.0041302433,0.00048115532,0.51791465,0.37453845,0.03965661
ISIC_0027023.jpg,BKL,0.0032358114,0.0002125893,0.001564678,0.00096055726,0.993458,0.0003577248,0.00021065667
ISIC_0027037.jpg,BKL,0.15796262,0.04221524,0.013919243,0.03786874,0.7099207,0.030645637,0.0074678236
ISIC_0027053.jpg,BKL,0.08944854,0.09837615,0.0014247132,0.010651266,0.7984436,0.0010429395,0.00061279396
ISIC_0027064.jpg,MEL,0.70673305,0.03306133,0.00015317289,0.07864513,0.17235933,0.00855845,0.00048956694
ISIC_0027094.jpg,BKL,0.14401934,0.11219349,0.0045356085,0.13276476,0.58851355,0.0156165175,0.0023567618
ISIC_0027151.jpg,VASC,0.025906108,0.058676623,0.11181482,0.001926015,0.013988986,0.0041145156,0.78357285
ISIC_0027162.jpg,BKL,0.03276684,0.03096453,0.06989973,0.01202572,0.78626215,0.05554814,0.012532875
ISIC_0027219.jpg,BKL,0.03324605,0.045806296,0.25062874,0.005145892,0.6338345,0.0056545734,0.025683897
ISIC_0027270.jpg,BKL,0.00018766097,0.0030555963,4.3828808e-05,0.00011324979,0.9840515,0.012529234,1.8983603e-05
ISIC_0027344.jpg,BKL,0.37184456,0.059072576,0.0019979917,0.055724993,0.43827045,0.06951481,0.0035746137
ISIC_0027392.jpg,BKL,0.015672207,0.0012262498,0.007438567,0.1767166,0.79257065,0.0062022735,0.00017345557
ISIC_0027419.jpg,BKL,0.12038604,0.018358026,0.0023521301,0.14082079,0.7123458,0.0056432765,9.401027e-05
ISIC_0027437.jpg,MEL,0.47626674,0.2488591,0.009530932,0.064861245,0.19915938,0.0010647718,0.00025778255
ISIC_0027455.jpg,MEL,0.56350183,0.36219996,0.02547095,0.0028573184,0.0100374045,0.00050594844,0.035426587
ISIC_0027470.jpg,NV,0.08566725,0.72697264,0.0095041795,0.030651513,0.1337539,0.002059787,0.011390733
ISIC_0027513.jpg,BKL,0.0038968893,0.057595387,0.0055337814,0.000997703,0.5141614,0.41212386,0.0056910175
ISIC_0027527.jpg,BKL,0.049902733,0.021957831,0.0005578512,0.012715891,0.9141247,0.00026840443,0.00047264752
ISIC_0027533.jpg,BKL,0.13123308,0.050741836,0.38123682,0.0051127584,0.42831206,0.001074876,0.0022886114
ISIC_0027608.jpg,BKL,0.06474618,0.002618612,0.37889263,0.092991926,0.45155686,0.004944935,0.0042488994
ISIC_0027713.jpg,BKL,0.014432877,0.25579202,0.021998309,0.057525758,0.5903944,0.039127156,0.020729426
ISIC_0027735.jpg,MEL,0.68218124,0.020097323,0.02370959,0.0020494997,0.27121603,0.00012469705,0.0006216127
ISIC_0027737.jpg,BKL,0.124177314,0.079595186,0.0036061078,0.0006348148,0.7523699,0.012961496,0.026655301
ISIC_0027739.jpg,BKL,0.043145873,0.39369228,0.06386251,0.005545189,0.4220304,0.04190863,0.029815136
ISIC_0027760.jpg,BKL,0.13500518,0.005515137,0.0020381133,0.16996886,0.68647176,0.00058404205,0.0004168896
ISIC_0027771.jpg,BKL,0.19776548,0.015396503,0.001251118,0.013877325,0.7715501,6.977537e-05,8.956959e-05
ISIC_0027796.jpg,NV,0.13952123,0.7368256,0.0007878983,0.038383376,0.081620894,0.0012729133,0.0015881143
ISIC_0027828.jpg,BKL,0.2991795,0.16952574,0.02437138,0.01663388,0.37740475,0.024405057,0.088479705
ISIC_0027893.jpg,BKL,0.16573408,0.03328626,0.0014764409,0.012398969,0.7753618,0.01119511,0.00054737186
ISIC_0027990.jpg,BKL,0.03358574,0.037552025,0.022176463,0.076454915,0.8262621,0.0035222273,0.00044662488
ISIC_0028020.jpg,DF,5.4687705e-05,0.015171511,7.4155854e-05,2.9310879e-05,0.34063944,0.6405304,0.0035004655
ISIC_0028100.jpg,BKL,0.12494315,0.04366186,0.31611723,0.04075619,0.3533049,0.100285836,0.020930849
ISIC_0028120.jpg,BKL,0.06540648,0.100222565,0.07052493,0.013114283,0.73225766,0.014708439,0.003765649
ISIC_0028180.jpg,NV,0.0026749833,0.9148334,0.0013895596,0.0004607199,0.07475765,0.0016422626,0.004241431
ISIC_0028200.jpg,AKIEC,0.14069869,0.03968877,0.022172472,0.45346093,0.28914472,0.05390885,0.00092562806
ISIC_0028201.jpg,MEL,0.8773952,0.0036469197,0.00029193918,0.0015010362,0.11561962,0.0011965978,0.00034869424
ISIC_0028209.jpg,BKL,0.013781501,0.0122552235,0.0013669839,0.020073798,0.95097077,0.00087004335,0.00068161986
ISIC_0028223.jpg,BCC,0.014143876,0.035244096,0.49165064,0.1768289,0.2771734,0.0033070135,0.0016521354
ISIC_0028264.jpg,BKL,0.06213351,0.05529297,0.17247027,0.1135909,0.4948145,0.074168876,0.02752885
ISIC_0028294.jpg,BKL,0.00981438,0.0016792433,0.029609554,0.00017185743,0.94962573,0.0067159194,0.0023832968
ISIC_0028389.jpg,BKL,0.006137434,0.088911675,0.027552983,0.0059802104,0.72493273,0.14525719,0.0012277899
ISIC_0028496.jpg,BKL,0.0056181904,0.050585818,0.0033624172,0.008111049,0.9228562,0.009414151,5.2165993e-05
ISIC_0028560.jpg,BKL,0.20948626,0.08777367,0.014997753,0.0067508603,0.66477513,0.015087993,0.0011282971
ISIC_0028607.jpg,BKL,0.016045818,0.10703898,0.060301658,0.0024264224,0.56355685,0.25041676,0.0002134694
ISIC_0028646.jpg,BKL,0.004171106,0.00070295244,0.00049754395,1.38838095e-05,0.9936598,0.00048246863,0.0004722265
ISIC_0028842.jpg,BKL,0.0921516,0.06356413,0.0049056904,0.3002788,0.4593459,0.069140196,0.0106136715
ISIC_0028846.jpg,AKIEC,0.005228771,0.0073252153,0.0031201986,0.9526579,0.031500705,0.000108928776,5.82558e-05
ISIC_0028920.jpg,BKL,0.0026628384,0.00013120694,0.00015431145,0.00023797851,0.99532396,0.001104325,0.00038552578
ISIC_0028943.jpg,BKL,0.039171275,0.00130028,0.00062126433,0.023836514,0.9349855,4.774978e-05,3.7441117e-05
ISIC_0028952.jpg,NV,0.032928556,0.62602097,0.24278882,0.003207271,0.015304024,0.005070133,0.07468021
ISIC_0028992.jpg,BKL,0.007867357,0.004424207,0.1880164,0.030129282,0.7665604,0.0010792532,0.001923218
ISIC_0029029.jpg,BKL,0.022986256,0.09888025,0.023707116,0.013373654,0.8374253,0.0025179652,0.0011094806
ISIC_0029032.jpg,BKL,0.34795645,0.014731341,0.00040313418,0.015565713,0.62085325,0.000343178,0.00014690711
ISIC_0029060.jpg,BKL,0.034870684,0.021537656,0.023024224,0.035583865,0.7696184,0.11471453,0.0006507046
ISIC_0029101.jpg,AKIEC,0.0074601173,0.0053053843,0.018114023,0.53059566,0.00714944,0.43128288,9.2485454e-05
ISIC_0029107.jpg,NV,0.3336422,0.445782,0.00490965,0.012236964,0.16238864,0.0017982763,0.03924224
ISIC_0029108.jpg,BKL,8.063737e-05,0.010048432,0.0015052058,0.0044586416,0.9314372,0.051672194,0.0007977401
ISIC_0029135.jpg,BKL,0.0060545495,0.024906576,0.0035647382,0.00880014,0.9561777,0.00020672154,0.00028946606
ISIC_0029147.jpg,BKL,0.00840128,0.01462837,0.078366965,0.07397718,0.82164544,0.0016762676,0.0013045103
ISIC_0029213.jpg,BKL,0.051677473,0.012610485,0.00076738745,0.0018187381,0.910836,0.02217105,0.000118925294
ISIC_0029243.jpg,BKL,0.0025988074,0.0035312932,0.0003370519,0.0034488593,0.96106887,0.028732598,0.0002825684
ISIC_0029270.jpg,BKL,0.018490259,0.003691952,0.013336705,0.00035059795,0.9626873,0.0002126194,0.0012305063
ISIC_0029289.jpg,VASC,0.027631897,0.20182858,0.0017380812,0.00036939298,0.01099307,0.00011398865,0.75732493
ISIC_0029291.jpg,MEL,0.5103452,0.19881763,0.0008466203,0.0024247938,0.1641185,0.022051578,0.101395674
ISIC_0029311.jpg,BKL,0.020727478,0.008917894,0.005402616,0.08890558,0.85561824,0.018409086,0.0020190962
ISIC_0029320.jpg,BKL,0.07091679,0.0476411,0.014291202,0.0067791864,0.7626891,0.07013326,0.027549338
ISIC_0029384.jpg,BKL,0.0031183632,0.03370132,0.00049752806,0.004386765,0.94329965,0.014688898,0.00030748904
ISIC_0029413.jpg,MEL,0.91611046,0.0059736413,0.0022965092,0.001739652,0.0734325,0.0003032527,0.00014407808
ISIC_0029418.jpg,MEL,0.67097473,0.10111752,0.16079429,0.0066969967,0.046175312,0.002173412,0.012067775
ISIC_0029443.jpg,BKL,0.007944509,0.004746463,0.001612063,0.009816262,0.97549963,0.0002372944,0.00014368274
ISIC_0029464.jpg,BKL,0.0435164,0.0026907546,0.004240137,0.003426032,0.939939,0.0057594,0.00042817576
ISIC_0029505.jpg,BKL,0.016591446,0.017114526,0.0014605823,0.0039024372,0.89329726,0.064991765,0.0026419593
ISIC_0029518.jpg,BKL,0.009861198,0.00089758413,0.004099507,0.11287539,0.8717196,0.00044325035,0.00010364114
ISIC_0029519.jpg,BKL,0.12650931,0.010355572,0.008778595,0.04632489,0.7992968,0.008561963,0.00017281265
ISIC_0029559.jpg,MEL,0.5547904,0.16982822,0.0038337326,0.0059390524,0.21781373,0.004589095,0.04320578
ISIC_0029585.jpg,BKL,0.0024468068,0.005824279,0.00065479754,0.0058716135,0.985112,1.9179874e-05,7.143593e-05
ISIC_0029627.jpg,BKL,0.0057330187,0.07579145,0.004103736,0.18351278,0.72841746,0.0020375107,0.00040407432
ISIC_0029674.jpg,MEL,0.590629,0.098832026,0.09223368,0.008266612,0.20165107,0.0019969682,0.0063907364
ISIC_0029776.jpg,BKL,0.06669796,0.019241447,0.00083338754,0.012822164,0.8961222,0.003835592,0.00044731156
ISIC_0029823.jpg,BKL,0.06939514,0.008398325,0.0002784433,0.00019113033,0.92091316,0.000516834,0.00030693386
ISIC_0029836.jpg,BCC,0.005550019,0.003889997,0.8467887,0.0033044813,0.01919006,0.00043452164,0.12084227
ISIC_0029872.jpg,BCC,0.06936686,0.12380714,0.3229553,0.006092014,0.1599138,0.0048466427,0.3130182
ISIC_0029912.jpg,VASC,0.2846163,0.20218809,0.0044662463,0.0031446575,0.1754964,0.004218717,0.3258696
ISIC_0029947.jpg,BKL,0.018962342,0.10369675,0.027281117,0.00041775487,0.71569633,0.13277924,0.0011664772
ISIC_0029991.jpg,BCC,0.010914776,0.0062480327,0.6121055,0.09299488,0.17465305,0.10164681,0.001436924
ISIC_0030007.jpg,DF,0.065352865,0.0075436095,0.0005534183,0.17859201,0.06859884,0.67872095,0.0006383306
ISIC_0030026.jpg,MEL,0.7533401,0.0073724366,0.00012252452,0.0015384317,0.23677267,0.00071771385,0.0001361039
ISIC_0030081.jpg,BKL,0.0042302087,0.10896656,0.039814606,0.0006442168,0.7002768,0.14151207,0.0045555057
ISIC_0030123.jpg,MEL,0.6072409,0.08702007,0.08459084,0.0062134597,0.06273485,0.0027144183,0.14948548
ISIC_0030318.jpg,BKL,0.008384627,0.012912682,0.0009468054,0.0105797425,0.9657788,0.0002512001,0.0011460679
ISIC_0030383.jpg,BKL,0.010482872,0.005266832,0.0124842245,0.0016750861,0.8988333,0.065632425,0.005625184
ISIC_0030396.jpg,BKL,0.03375781,0.17502894,0.28304902,0.008691906,0.48618162,0.007996191,0.0052945283
ISIC_0030459.jpg,BKL,0.03902502,0.006647992,0.0046718935,0.03407958,0.9083201,0.0065925927,0.0006628136
ISIC_0030522.jpg,MEL,0.76165694,0.13083893,0.044675212,0.012367157,0.047501456,0.0019018693,0.0010583443
ISIC_0030533.jpg,BKL,0.0015620004,0.083625644,0.0151697295,0.01268714,0.79539645,0.06319081,0.028368238
ISIC_0030542.jpg,NV,0.30186403,0.36649075,0.13641253,0.055990685,0.114739716,0.0076738806,0.016828494
ISIC_0030607.jpg,BKL,0.1567315,0.013530465,0.11476321,0.023199948,0.6004162,0.007825625,0.08353302
ISIC_0030698.jpg,MEL,0.42074573,0.05899807,0.006618909,0.0008554517,0.34761158,0.0034745617,0.1616956
ISIC_0030721.jpg,BKL,0.036360588,0.13858587,0.045310527,0.09056217,0.6120871,0.059650246,0.017443497
ISIC_0030768.jpg,BKL,0.012193789,0.12088196,0.02895697,0.009858722,0.8024542,0.0018784637,0.023775894
ISIC_0030935.jpg,BKL,0.0101373885,0.021318072,0.00095418724,0.033503894,0.9304729,0.0034327407,0.0001808252
ISIC_0031016.jpg,BKL,0.09151675,0.1096532,0.005472323,0.016664784,0.7683909,0.0048979144,0.0034040865
ISIC_0031017.jpg,BKL,0.10529956,0.020591803,0.038918685,0.0108109135,0.7221904,0.09928973,0.0028988442
ISIC_0031078.jpg,BKL,0.13162044,0.17193364,0.058004014,0.09082224,0.5005333,0.044869002,0.0022173957
ISIC_0031159.jpg,BKL,0.14364587,0.22169222,0.034332905,0.10784879,0.4377168,0.049794592,0.0049688225
ISIC_0031200.jpg,MEL,0.5223924,0.19024955,0.004234658,0.015906742,0.25563747,0.008687918,0.0028912758
ISIC_0031261.jpg,BKL,0.0045366096,0.004084766,0.0003070347,0.0012591411,0.9869337,0.0025120087,0.00036677148
ISIC_0031277.jpg,BKL,0.00330644,0.0008918704,0.00019133545,6.800611e-05,0.99027807,0.0048822165,0.00038204313
ISIC_0031289.jpg,BKL,0.016864145,0.059125453,0.20599486,0.0017400084,0.7062845,0.004453488,0.005537511
ISIC_0031326.jpg,BKL,0.058115106,0.01815006,0.004208486,0.19523819,0.724241,2.1925303e-05,2.5219293e-05
ISIC_0031349.jpg,BKL,0.0028382533,0.0028773705,0.05185846,0.0009835643,0.9382584,0.0016540101,0.0015299361
ISIC_0031376.jpg,BKL,0.044394072,0.05870426,0.009168802,0.023375863,0.8448937,0.01819976,0.0012634932
ISIC_0031428.jpg,MEL,0.42400953,0.11088796,0.023465334,0.012284284,0.40573692,0.022937905,0.0006781066
ISIC_0031485.jpg,VASC,0.10203635,0.24374042,0.009455969,0.00046626275,0.04196631,0.0037205466,0.59861416
ISIC_0031580.jpg,BKL,0.055880968,0.20005639,0.048244618,0.009251547,0.6699392,0.015924271,0.000702985
ISIC_0031620.jpg,BKL,0.15135491,0.0459245,0.05740824,0.23658904,0.4963381,0.00020055917,0.012184632
ISIC_0031639.jpg,BCC,0.24631263,0.109954536,0.53680384,0.0054404433,0.08003582,0.0032887105,0.018164037
ISIC_0031686.jpg,DF,0.012803113,0.016677242,0.026392316,0.001153603,0.25493032,0.6496643,0.038379133
ISIC_0031707.jpg,MEL,0.5617719,0.23437627,0.002767461,0.0037355737,0.19522166,0.0016502185,0.00047683626
ISIC_0031716.jpg,BCC,0.010837163,0.007315733,0.4518756,0.35276,0.16167581,0.012401091,0.003134536
ISIC_0031808.jpg,BKL,0.25409147,0.05919788,0.0035615328,0.087633714,0.56272185,0.032541193,0.0002523823
ISIC_0031819.jpg,BKL,0.021438096,0.046249058,0.09660947,0.3435303,0.39826038,0.018299595,0.07561302
ISIC_0031825.jpg,MEL,0.51644,0.00060178497,0.015619956,0.24229583,0.22494294,5.6043526e-05,4.3479973e-05
ISIC_0031853.jpg,BKL,0.2124764,0.03289814,0.017996054,0.0031493148,0.7184955,0.008944694,0.0060399584
ISIC_0031872.jpg,MEL,0.503377,0.022657735,0.30876243,0.027046358,0.12613536,0.0110179195,0.0010031202
ISIC_0031937.jpg,BKL,0.001399093,0.0017632109,0.009731921,0.008054615,0.9747522,0.0041988585,0.000100220415
ISIC_0031945.jpg,VASC,0.22232386,0.02619363,0.028565425,0.003372747,0.20232978,0.0012656616,0.51594883
ISIC_0031951.jpg,BKL,0.041679796,0.15287994,0.0031429054,0.00050609716,0.77804756,0.021619368,0.0021242548
ISIC_0032040.jpg,NV,0.016776575,0.5614474,0.0036941771,0.07793921,0.23554379,0.10240939,0.0021894863
ISIC_0032051.jpg,BKL,0.0637188,0.040945873,0.0010246256,0.0011905049,0.8925135,0.00034347345,0.00026325832
ISIC_0032128.jpg,BKL,0.0014842082,0.029392557,0.055893127,0.004819093,0.8321848,0.070433825,0.005792419
ISIC_0032129.jpg,BCC,0.016572813,0.0035409853,0.761535,0.011646685,0.16060016,0.016905675,0.02919869
ISIC_0032170.jpg,BKL,0.0443922,0.26015544,0.0008337352,0.009543137,0.53952444,0.06451808,0.08103294
ISIC_0032304.jpg,BCC,0.016865782,0.02358983,0.61177975,0.08197568,0.25543535,0.004592163,0.005761423
ISIC_0032306.jpg,BKL,0.013514374,0.007818991,0.00083364244,0.0016288182,0.9076904,0.06728373,0.0012300796
ISIC_0032348.jpg,BKL,0.07487685,0.012744966,0.001459866,0.2509911,0.6582087,0.0015451075,0.00017330807
ISIC_0032358.jpg,BKL,0.22707656,0.23356204,0.0013827236,0.006969946,0.52715176,0.0017050632,0.002151932
ISIC_0032365.jpg,NV,0.174215,0.7941554,0.00022759191,0.001032692,0.02833107,0.0017705997,0.0002676798
ISIC_0032373.jpg,BKL,0.0118536,0.004893837,0.011629465,0.006607704,0.9502911,0.0047352267,0.009989085
ISIC_0032382.jpg,MEL,0.6912295,0.038143333,0.02240835,0.002190495,0.24259266,0.003272057,0.0001635501
ISIC_0032417.jpg,BKL,0.0010016074,0.0015234669,0.00022918299,0.0001300773,0.9963923,0.00044034974,0.0002830353
ISIC_0032463.jpg,NV,0.35214788,0.54284257,0.0037656652,0.0010059606,0.093922414,0.0045658248,0.0017497112
ISIC_0032481.jpg,BKL,0.02582018,0.037618544,0.018872948,0.018357323,0.8887473,0.0029056564,0.0076780906
ISIC_0032514.jpg,BKL,0.112242326,0.033302728,0.16055505,0.08919477,0.60115165,0.0012539373,0.0022996098
ISIC_0032534.jpg,BKL,0.15769005,0.09053238,0.03846154,0.045568053,0.6503444,0.010063647,0.0073399753
ISIC_0032576.jpg,MEL,0.7786141,0.030918704,0.0047602984,0.011787152,0.16724236,0.0064669712,0.000210375
ISIC_0032740.jpg,BKL,0.3702099,0.0072300727,0.09169133,0.024184959,0.50432855,0.00087386364,0.0014813422
ISIC_0032756.jpg,MEL,0.64631623,0.12899336,9.4039875e-05,0.006067391,0.21709831,0.00031483543,0.0011158298
ISIC_0032776.jpg,BKL,0.029674353,0.19569291,0.014980095,0.0028236804,0.7435588,0.009540548,0.003729621
ISIC_0032778.jpg,MEL,0.32788667,0.30680755,0.0052077654,0.05584486,0.27697727,0.025227569,0.002048349
ISIC_0032804.jpg,BKL,0.08041431,0.0043018353,1.788572e-05,0.0010554725,0.9134006,0.00073587056,7.402687e-05
ISIC_0032827.jpg,BKL,0.021295402,0.020966064,0.02584992,0.009969989,0.8778901,0.043274857,0.0007537177
ISIC_0032829.jpg,BKL,0.3109047,0.04793119,0.0011775627,0.00478564,0.63058925,0.0026608503,0.0019506809
ISIC_0032843.jpg,BKL,0.075561166,0.03858834,0.0012551652,0.00042379485,0.879966,0.0022912426,0.0019142679
ISIC_0032876.jpg,MEL,0.7948906,0.051805627,0.0045255786,0.0030293216,0.13745394,0.0026664466,0.0056285146
ISIC_0032949.jpg,MEL,0.81994617,0.11685082,0.00079834624,0.002617136,0.057968404,0.0013630489,0.00045592006
ISIC_0032967.jpg,BKL,0.12386121,0.010314453,0.00040377848,0.008210446,0.85450727,0.0003307669,0.002372122
ISIC_0033022.jpg,BKL,0.109592564,0.037568517,0.0016978362,0.017795641,0.8299809,0.0032466843,0.000117822616
ISIC_0033060.jpg,NV,0.041273173,0.5259738,0.0045894124,0.0005490233,0.37030894,0.009708464,0.047597222
ISIC_0033088.jpg,BKL,0.2157721,0.017054735,0.0015479985,0.0018320894,0.760259,0.0010400714,0.0024939475
ISIC_0033169.jpg,BKL,0.12414654,0.0261334,0.00021323361,0.0033285406,0.8458406,0.00018535706,0.00015237664
ISIC_0033184.jpg,BKL,0.0061326055,0.005041502,0.11026012,0.044880133,0.82711977,0.0051551866,0.0014106641
ISIC_0033185.jpg,MEL,0.9233674,0.03369545,0.0013007312,0.0010460942,0.03830647,0.001144377,0.0011395585
ISIC_0033195.jpg,NV,0.22274378,0.545998,0.00037408885,0.012593831,0.21522495,0.0029091341,0.00015621315
ISIC_0033201.jpg,BKL,0.042163584,0.0047479495,0.004897633,0.0013978181,0.94496995,0.001101814,0.0007211952
ISIC_0033260.jpg,BKL,0.021674477,0.002921216,0.00010994352,0.00090885157,0.9742779,6.022833e-05,4.7259295e-05
ISIC_0033284.jpg,BKL,0.22280197,0.008105221,0.00029485734,0.005580402,0.7595527,0.00019130293,0.003473556
ISIC_0033305.jpg,MEL,0.7118693,0.051813927,0.0012730801,0.0052424613,0.2284621,0.0007809304,0.00055813935
ISIC_0033322.jpg,MEL,0.89291066,0.090931505,0.0007602141,0.0009979184,0.013531012,0.00032376524,0.0005449512
ISIC_0033361.jpg,MEL,0.95835817,0.006339458,0.0018353873,0.0022257136,0.03030592,0.00010615172,0.00082919165
ISIC_0033378.jpg,MEL,0.7247091,0.048193302,0.032969017,0.042775847,0.14410667,0.003671057,0.0035750184
ISIC_0033391.jpg,BCC,0.057323426,0.002679819,0.65814745,0.044811446,0.012257787,0.22254652,0.0022335553
ISIC_0033401.jpg,BKL,0.003050461,0.18969496,0.0043902034,0.0005759564,0.7080377,0.07314916,0.021101613
ISIC_0033437.jpg,MEL,0.767795,0.1262085,0.00056728034,0.00046347387,0.10346552,0.0011985635,0.0003016909
ISIC_0033438.jpg,BKL,0.38349378,0.048118085,0.0029365497,0.0026308133,0.4806703,0.06262711,0.019523382
ISIC_0033449.jpg,BKL,0.050922424,0.050375983,0.00032172122,0.0033147333,0.89439106,0.0006471987,2.6909915e-05
ISIC_0033460.jpg,MEL,0.5544727,0.0029337055,0.0042856256,0.0008587594,0.43729123,9.608518e-05,6.193298e-05
ISIC_0033482.jpg,BKL,0.21954274,0.0040916093,0.002325046,0.003813328,0.76838386,0.0012476116,0.00059585104
ISIC_0033486.jpg,BKL,0.15699951,0.2126692,0.0024173986,0.013861021,0.5848956,0.016412096,0.012745173
ISIC_0033488.jpg,BKL,0.22858413,0.20060025,0.01995168,0.05164871,0.2944632,0.111438155,0.09331384
ISIC_0033490.jpg,BKL,0.035076898,0.0065225707,0.02509178,0.01361951,0.9084649,0.0035670954,0.0076571507
ISIC_0033528.jpg,BKL,0.044687916,0.010863377,0.004612002,0.0032214774,0.9327711,0.0035715478,0.0002725118
ISIC_0033529.jpg,NV,0.30850828,0.5376837,0.0054020886,0.00402006,0.13201296,0.010341002,0.0020318723
ISIC_0033553.jpg,BKL,0.00037291073,0.064003915,0.0043333177,0.00016994732,0.8612299,0.063502446,0.0063875765
ISIC_0033576.jpg,MEL,0.7878692,0.015288857,2.3387676e-05,0.0006776565,0.19591819,0.000102320395,0.000120370794
ISIC_0033581.jpg,BKL,0.075698495,0.11015771,9.360494e-05,0.0006300959,0.8114116,0.0008856107,0.0011227756
ISIC_0033582.jpg,BKL,0.4217387,0.09455605,0.0035759425,0.030903678,0.43450603,0.014277616,0.0004419316
ISIC_0033583.jpg,BKL,0.12599678,0.016370853,0.0025871831,0.017162673,0.83409435,0.0036532637,0.00013488244
ISIC_0033592.jpg,BKL,0.039268907,0.002614772,0.013588053,0.007207069,0.9077036,0.0001437169,0.029473871
ISIC_0033601.jpg,BKL,0.25249097,0.054768518,0.0002526114,0.002361366,0.6847436,0.0013255497,0.004057395
ISIC_0033606.jpg,MEL,0.7671634,0.10117512,0.030581301,0.009371314,0.07949773,0.00032369336,0.011887425
ISIC_0033620.jpg,NV,0.01251432,0.64450616,0.05855679,0.0015552756,0.13159826,0.13592441,0.01534478
ISIC_0033631.jpg,BKL,0.047783874,0.0040297713,0.0010111143,0.003023359,0.93925136,0.0034320098,0.0014684224
ISIC_0033676.jpg,BKL,0.027738871,0.014961987,0.0033739388,0.014306513,0.9393072,0.00021998223,9.1528804e-05
ISIC_0033677.jpg,BKL,0.01954593,0.021563496,0.000453861,0.00562202,0.95097387,0.0017333383,0.0001074191
ISIC_0033691.jpg,MEL,0.6210964,0.05203525,0.17099294,0.005674525,0.14737979,0.0011331281,0.0016880259
ISIC_0033701.jpg,BKL,0.02156685,0.030602768,0.000113778515,0.00081068894,0.9440077,0.00013989431,0.002758301
ISIC_0033709.jpg,BKL,0.28199887,0.07593088,0.0021813642,0.023678012,0.6135383,0.002072133,0.000600498
ISIC_0033736.jpg,MEL,0.8537334,0.018740647,0.008824258,0.06828094,0.049113657,0.00059656124,0.00071043184
ISIC_0033758.jpg,MEL,0.5404921,0.2311492,0.0058960738,0.009270132,0.12836508,0.007948444,0.076879025
ISIC_0033778.jpg,BKL,0.4269449,0.04888316,0.005270589,0.0005817298,0.50648034,0.0006119695,0.011227319
ISIC_0033785.jpg,BKL,0.0092185475,0.004153745,0.00019490194,0.0012918322,0.9843711,0.0006136987,0.00015605542
ISIC_0033828.jpg,MEL,0.6465586,0.080176406,0.00049056526,0.0012679342,0.26776236,0.001267982,0.0024762237
ISIC_0033853.jpg,BKL,0.057323642,0.018776244,0.00043776224,0.00097227667,0.92067015,0.0016743637,0.00014555195
ISIC_0033854.jpg,BKL,0.1818505,0.26657313,0.025944725,0.021078624,0.46944088,0.0040964964,0.031015633
ISIC_0033884.jpg,BKL,0.052337833,0.02455925,0.0013028111,0.000833439,0.9025786,0.00068402174,0.017703984
ISIC_0033899.jpg,BKL,0.1305173,0.024415545,0.008454753,0.025483295,0.8022442,0.0004989156,0.008385913
ISIC_0033910.jpg,MEL,0.7643705,0.07116462,0.06398407,0.006133121,0.0908337,0.0029984133,0.0005155733
ISIC_0033949.jpg,BKL,0.22937948,0.047043074,0.001716497,0.028206848,0.6537469,0.021289228,0.018617993
ISIC_0034040.jpg,BKL,0.13514774,0.38042334,0.003082196,0.008553605,0.47213554,0.00039966105,0.00025796477
ISIC_0034070.jpg,MEL,0.81051743,0.063788205,0.007658431,0.029575692,0.08612807,0.0007021765,0.0016300431
ISIC_0034103.jpg,MEL,0.45470467,0.17958137,0.03718566,0.028395642,0.2956928,0.001357463,0.0030824328
ISIC_0034125.jpg,MEL,0.7696319,0.04493028,0.0025978857,0.0016455721,0.17566185,0.002850158,0.0026822372
ISIC_0034126.jpg,BKL,0.068472534,0.006339611,8.386538e-05,0.0012585057,0.9229602,0.0008244389,6.0864586e-05
ISIC_0034142.jpg,BKL,0.05461434,0.003589651,0.003144418,0.23086871,0.7066084,0.00035597468,0.00081850326
ISIC_0034151.jpg,BKL,0.031360727,0.086576775,0.0004643138,0.0001637027,0.87675667,0.0030386508,0.0016391197
ISIC_0034168.jpg,MEL,0.6060038,0.06591045,0.005158986,0.0024750622,0.29550862,0.0048823976,0.020060746
ISIC_0034186.jpg,BCC,0.24379592,0.004473993,0.41253367,0.061972912,0.029129528,0.035323422,0.21277055
ISIC_0034235.jpg,MEL,0.7207762,0.038832486,0.0008499353,0.004150627,0.23406352,0.0008514028,0.0004758552
ISIC_0034283.jpg,BKL,0.1332024,0.07141908,0.043777563,0.019067012,0.729509,0.0005415158,0.0024834357
ISIC_0034315.jpg,MEL,0.5602041,0.011904364,0.00033911457,0.0027289435,0.42432275,0.00015475061,0.00034595933
ISIC_0034318.jpg,BKL,0.05939394,0.012037323,0.0061625447,0.004369924,0.91319776,0.001249853,0.0035887677
ISIC_0024330.jpg,BCC,0.051443994,0.21402803,0.23300943,0.19704261,0.016475972,0.21579252,0.072207384
ISIC_0024386.jpg,DF,0.000112406415,0.0012636477,0.00025903538,1.2872109e-05,0.0020869381,0.9956559,0.00060921867
ISIC_0024994.jpg,DF,0.00057163445,0.36600313,0.0005155902,0.00031653393,0.01199497,0.6028708,0.017727379
ISIC_0025771.jpg,DF,0.024488436,0.25935355,0.015967133,0.02218762,0.02107908,0.6561246,0.0007996161
ISIC_0026417.jpg,NV,0.027096381,0.59996074,0.010572927,0.04007921,0.013350923,0.30062857,0.008311268
ISIC_0027188.jpg,NV,0.0053515774,0.38349506,0.07363383,0.0044337814,0.020964434,0.25763893,0.25448233
ISIC_0027613.jpg,DF,0.121623956,0.0692453,0.05840216,0.31935668,0.012418296,0.39540234,0.023551274
ISIC_0027876.jpg,AKIEC,0.013004076,0.0037181715,0.014859649,0.89145786,0.06898899,0.007814043,0.00015722317
ISIC_0028735.jpg,NV,0.02395176,0.86836904,0.035503507,0.006180185,0.046715636,0.018704997,0.0005749742
ISIC_0028880.jpg,DF,0.0020269556,0.08055584,0.010545101,0.018839525,0.13674738,0.72909814,0.022187151
ISIC_0029760.jpg,MEL,0.26726356,0.027111668,0.089792706,0.028411163,0.24173625,0.16237001,0.18331462
ISIC_0029962.jpg,NV,0.0073439344,0.6729168,0.056222867,0.03682138,0.05186153,0.17350782,0.0013256737
ISIC_0030015.jpg,MEL,0.67579323,0.11196739,0.04823033,0.025881564,0.11411239,0.019637842,0.0043772925
ISIC_0030555.jpg,BKL,0.23656783,0.040103905,0.009973385,0.0076222317,0.42007765,0.26259574,0.023059333
ISIC_0031309.jpg,NV,0.01865738,0.37922052,0.019050514,0.020914013,0.31159338,0.0923828,0.15818137
ISIC_0031457.jpg,DF,0.0008063585,0.0037558386,0.0014473932,0.0010455023,0.012667678,0.98024815,2.9153805e-05
ISIC_0032642.jpg,DF,0.09557054,0.14001898,0.022174628,0.19330315,0.1584173,0.38990045,0.0006149712
ISIC_0032941.jpg,BCC,0.34339565,0.033936813,0.39855194,0.027111929,0.17396854,0.001952194,0.02108299
ISIC_0033256.jpg,DF,0.32132247,0.050728757,0.0046388325,0.0024463541,0.056204226,0.56212,0.002539369
ISIC_0033422.jpg,DF,0.0032238974,0.07482128,0.0051912237,0.005015835,0.0082541015,0.90053123,0.0029625057
ISIC_0033626.jpg,DF,0.0011212291,0.012047121,9.302739e-05,0.0034983354,0.018743496,0.9639779,0.00051900884
ISIC_0033808.jpg,DF,0.00030381675,0.0040574414,0.00036580948,0.01858957,0.0036907434,0.9726908,0.00030188225
ISIC_0033847.jpg,DF,5.0481294e-06,4.066665e-05,1.7545557e-05,0.0007113009,6.640624e-06,0.9992073,1.14084905e-05
ISIC_0033860.jpg,DF,0.0005213704,0.080911614,0.0001569628,0.008996761,0.0032801281,0.90574855,0.00038457743
ISIC_0033891.jpg,DF,0.0002971648,0.030532347,6.3395004e-05,1.02846525e-05,0.008036211,0.960945,0.0001155591
ISIC_0034135.jpg,DF,0.025398651,0.29878387,0.0019199674,0.08802887,0.0524321,0.5307118,0.00272471
ISIC_0034169.jpg,BCC,0.0026938142,0.0067977426,0.9631968,0.0028782012,0.0012114461,0.009094476,0.01412756
ISIC_0024646.jpg,BKL,0.0052992534,0.011487244,0.0085467035,0.26817614,0.7057933,0.00061853154,7.8858815e-05
ISIC_0024654.jpg,AKIEC,0.113166094,0.0889756,0.19984484,0.29263398,0.26740083,0.020220062,0.01775865
ISIC_0024707.jpg,BKL,0.25158677,0.011040318,0.021245776,0.18506123,0.5104497,0.009288912,0.011327276
ISIC_0024925.jpg,BCC,0.002074998,0.021399023,0.91251963,0.057610076,0.001104459,0.0022840856,0.0030076266
ISIC_0025089.jpg,AKIEC,0.019133033,0.0076833246,0.00014348303,0.9272005,0.045177028,0.0006282346,3.449423e-05
ISIC_0025264.jpg,MEL,0.4467654,0.07234232,0.22144873,0.19205528,0.051364273,0.015658693,0.00036537042
ISIC_0025471.jpg,BCC,0.0045403033,0.0015595465,0.87725586,0.10327327,0.009997325,0.0023091913,0.0010644736
ISIC_0025605.jpg,AKIEC,0.1683689,0.08070488,0.04173336,0.43827426,0.26866877,0.0015056686,0.0007441596
ISIC_0025811.jpg,AKIEC,0.00014695333,7.9512065e-05,0.0023098586,0.99302834,0.00064540474,0.003789279,6.125313e-07
ISIC_0025831.jpg,AKIEC,0.0041200425,0.0025249808,0.026912656,0.5742444,0.38825095,0.0012892871,0.0026576652
ISIC_0026040.jpg,BKL,0.07135272,0.04872363,0.0022958536,0.09789842,0.77839273,0.0013083563,2.8212628e-05
ISIC_0026212.jpg,AKIEC,0.005809899,0.000101998216,0.0043144883,0.9484786,0.04109437,2.4647912e-05,0.00017602951
ISIC_0026625.jpg,AKIEC,0.26552394,0.005532527,0.04877662,0.4499586,0.22535715,0.0006825647,0.0041685384
ISIC_0028558.jpg,AKIEC,0.0002026998,0.0010722578,0.014284267,0.9165003,0.06642421,0.0013657643,0.00015046974
ISIC_0028820.jpg,AKIEC,0.00023850388,0.00032668584,0.07475737,0.91355246,0.000646234,0.010441268,3.7456663e-05
ISIC_0028990.jpg,MEL,0.61826324,0.08172177,0.02293168,0.052324887,0.21310888,0.0076712314,0.0039782664
ISIC_0029141.jpg,AKIEC,0.00870916,0.06662844,0.008944033,0.58949274,0.29492852,0.031175043,0.000122017416
ISIC_0029210.jpg,AKIEC,0.0014722724,0.00046321453,0.046524733,0.9416072,0.0002167433,0.008946986,0.0007689469
ISIC_0029360.jpg,BCC,0.00026799442,0.0007893813,0.9897015,0.0040105777,0.002001734,0.0031736372,5.523036e-05
ISIC_0029371.jpg,AKIEC,0.002478177,0.0043599927,0.1414579,0.7814022,0.06572758,0.002650626,0.0019234777
ISIC_0029500.jpg,AKIEC,0.00041859725,0.0010588168,0.013116248,0.9748503,0.003298511,0.00016133267,0.007096235
ISIC_0029715.jpg,MEL,0.47220045,0.16913891,0.023471488,0.02273126,0.30460304,0.0005578555,0.007296947
ISIC_0030158.jpg,AKIEC,0.00040743835,0.00012004821,0.00042423815,0.9979814,0.00019286723,0.00086888694,5.0619983e-06
ISIC_0030175.jpg,AKIEC,0.03400058,0.003550805,0.0077061225,0.7459001,0.17424239,0.03434003,0.00025996656
ISIC_0030344.jpg,AKIEC,0.2035959,0.013150917,0.22204208,0.46762964,0.07751069,0.002241376,0.013829458
ISIC_0030375.jpg,AKIEC,0.0053304024,0.002377273,0.0023280743,0.9734028,0.016398922,0.000118177326,4.4433895e-05
ISIC_0030408.jpg,AKIEC,0.03113746,0.0001990908,0.06506517,0.8584679,0.006395024,0.038697112,3.8323473e-05
ISIC_0030730.jpg,BKL,0.018370045,0.0037857422,0.0041755894,0.11282739,0.86049664,0.00030581414,3.8856997e-05
ISIC_0031119.jpg,BCC,0.018033586,0.004985467,0.36839512,0.35447073,0.017439656,0.06602917,0.17064625
ISIC_0032854.jpg,AKIEC,0.00027793914,0.00017349998,0.00016710219,0.81418455,0.1851944,1.4959855e-06,9.724636e-07
ISIC_0033295.jpg,AKIEC,0.0023676432,0.005221973,0.31608227,0.6023679,0.0028463488,0.07057135,0.0005425619
ISIC_0033358.jpg,AKIEC,0.01788521,0.0055792155,0.004283403,0.9104125,0.061384697,0.00042738282,2.750247e-05
ISIC_0024411.jpg,BCC,0.0018567144,0.0039257943,0.9729912,0.005842478,0.0076600905,0.0067643076,0.00095927634
ISIC_0024431.jpg,BKL,0.29464594,0.0056753526,0.13788359,0.08198148,0.47892347,0.0003502848,0.0005399174
ISIC_0024436.jpg,BCC,0.00070173235,0.0036460205,0.98376495,0.0054586595,0.00023823656,0.0028776322,0.003312848
ISIC_0024504.jpg,VASC,0.000317021,0.0015181893,0.3943412,0.0005258226,0.00051221816,7.2696115e-05,0.60271287
ISIC_0024799.jpg,BCC,0.009225959,0.0023808645,0.89607596,0.0035556727,0.0043770573,9.518722e-05,0.084289365
ISIC_0024984.jpg,BCC,0.0009127774,0.036433026,0.95910877,0.0003035405,0.00081071066,0.001092489,0.0013386515
ISIC_0025019.jpg,AKIEC,0.002856376,0.04266369,0.17929247,0.5907496,0.17764373,0.0063056718,0.00048847566
ISIC_0025031.jpg,BCC,4.2630203e-05,0.0010408475,0.9691386,0.021486519,6.316404e-05,0.00802159,0.00020657727
ISIC_0025383.jpg,BCC,0.0003376474,0.003168093,0.9678984,0.0130206095,0.003935907,0.0021312537,0.009508056
ISIC_0025513.jpg,BCC,0.06424696,0.019130837,0.7998234,0.01007222,0.006265358,0.0068192263,0.09364195
ISIC_0025600.jpg,BCC,0.011525876,0.00022118179,0.96463937,7.647696e-05,0.001991599,0.00011066037,0.021434814
ISIC_0025644.jpg,BCC,0.00010038054,0.00074007676,0.9972427,4.4090317e-05,0.00027388902,1.965703e-05,0.0015792121
ISIC_0025650.jpg,BCC,1.0820201e-05,2.0504489e-05,0.9972607,0.0025799912,8.415647e-05,1.6909258e-05,2.7010949e-05
ISIC_0026091.jpg,BCC,0.0051399684,0.0056519657,0.5050754,0.07453779,0.012058594,0.38471547,0.012820908
ISIC_0026230.jpg,BCC,0.32090017,0.030547978,0.6270404,0.003213994,0.011566185,0.0024596036,0.004271658
ISIC_0026321.jpg,BCC,0.0026881485,0.0014624671,0.77862763,0.10098925,0.023145739,0.0041104816,0.08897628
ISIC_0026433.jpg,BCC,0.09025571,0.017331205,0.8504763,0.012171403,0.028485136,0.00094323675,0.00033694427
ISIC_0026656.jpg,BCC,0.005385753,8.041863e-05,0.9881291,0.004744976,0.001249283,0.00013525119,0.00027526222
ISIC_0026766.jpg,BCC,0.037453495,0.36288568,0.50510097,0.030756928,0.008515109,0.05127413,0.004013767
ISIC_0026831.jpg,BCC,0.007849553,0.052505404,0.82516867,0.030223345,0.015469988,0.018864725,0.049918395
ISIC_0026845.jpg,BKL,0.22268666,0.0038784335,0.12813371,0.022226319,0.3562951,0.07286869,0.19391108
ISIC_0026855.jpg,VASC,0.03237356,0.09893425,0.31513223,0.052750725,0.055696208,0.0033790392,0.441734
ISIC_0026940.jpg,BCC,0.00012193846,3.5276615e-05,0.99725467,0.00027195114,0.001644848,6.3903586e-05,0.00060745527
ISIC_0026957.jpg,BCC,0.020464743,0.11880751,0.77171224,0.017562766,0.041509084,0.022279156,0.007664439
ISIC_0027046.jpg,AKIEC,0.001770804,0.014408766,0.4563237,0.5255874,0.0017203633,0.00014679437,4.2173848e-05
ISIC_0027058.jpg,BCC,0.005891862,0.01509264,0.8535247,0.0009091885,0.1201518,0.00029976625,0.004129994
ISIC_0027189.jpg,AKIEC,0.00018426978,0.0005254514,0.46582282,0.5269112,0.005235282,0.0012550532,6.590417e-05
ISIC_0027281.jpg,BCC,0.0012074839,0.033205934,0.95631456,0.0012715922,0.0048419475,0.0020687284,0.0010896823
ISIC_0027291.jpg,BCC,0.0005950468,0.026463969,0.89496917,0.026564403,0.02132243,0.02857237,0.0015126389
ISIC_0027478.jpg,BCC,0.003092736,0.00014585683,0.9867361,0.0013496398,0.007342877,7.761232e-05,0.0012551355
ISIC_0027595.jpg,BCC,0.0019524948,0.100183666,0.81987065,0.0028747218,0.0052848896,0.0005679627,0.069265604
ISIC_0027825.jpg,BCC,0.00079334824,0.007066647,0.98816967,0.0009666623,0.0024422738,0.0003601663,0.00020124216
ISIC_0028095.jpg,BCC,0.06502625,0.057905752,0.5363704,0.028316816,0.28682715,0.013011182,0.01254247
ISIC_0028106.jpg,BCC,0.0035902886,0.0011797086,0.93952423,0.0002107279,0.0026269993,6.42929e-05,0.052803766
ISIC_0028303.jpg,BCC,9.6300995e-05,0.0036981977,0.9938029,0.0019429816,0.00035589535,3.8176822e-05,6.552656e-05
ISIC_0028457.jpg,BCC,0.01572275,0.0059994413,0.9314977,0.028152278,0.003106021,0.011836008,0.0036857452
ISIC_0028542.jpg,BCC,0.010004303,0.006973267,0.4877861,0.004640966,0.02851672,0.009119829,0.45295876
ISIC_0028577.jpg,BCC,0.0016155032,0.015198698,0.5114321,0.46345392,0.0036900975,0.0042075007,0.00040218845
ISIC_0028653.jpg,BKL,0.043700173,0.22591516,0.20686825,0.02305784,0.48959893,0.0015327225,0.009326913
ISIC_0028670.jpg,NV,0.006339702,0.5853031,0.34580556,0.010377239,0.008586681,0.0020464128,0.0415412
ISIC_0028671.jpg,BCC,0.09571318,0.0012499362,0.7504433,0.0009099274,0.015861996,0.0021251924,0.1336966
ISIC_0028693.jpg,BCC,0.006170481,0.009349085,0.9536639,0.0039054542,0.01043026,0.0007096486,0.01577118
ISIC_0028719.jpg,BCC,0.0540717,0.0036709367,0.88990957,0.007505458,0.041444987,4.2945638e-05,0.0033544167
ISIC_0028858.jpg,AKIEC,0.0042211865,0.09198865,0.0606968,0.48839533,0.14340983,0.20460723,0.006680948
ISIC_0028964.jpg,AKIEC,6.564189e-05,0.001503735,0.45896637,0.5388907,0.00045009385,0.0001222874,1.1915754e-06
ISIC_0029192.jpg,BCC,0.00015828433,3.9096362e-06,0.999268,0.00018167024,3.4018354e-05,2.2802835e-06,0.00035181662
ISIC_0029201.jpg,VASC,0.033269946,0.04373141,0.33658037,0.01568744,0.021956004,0.0050427085,0.5437321
ISIC_0029230.jpg,BCC,0.009489327,0.14485791,0.36123446,0.030054765,0.09718243,0.25136197,0.105819054
ISIC_0029352.jpg,BCC,0.0143975895,0.018424217,0.79024625,0.018984616,0.15659262,0.00043188917,0.0009228105
ISIC_0029515.jpg,MEL,0.5664035,0.0026097742,0.33954942,0.040927276,0.014954478,0.00030869138,0.035246823
ISIC_0029545.jpg,BCC,0.0024070549,0.0040092794,0.9477434,0.010654714,0.033656225,0.00029313992,0.0012362241
ISIC_0029680.jpg,BCC,0.00028832394,0.00094461214,0.95125955,0.03784184,6.411963e-05,0.009495121,0.00010639132
ISIC_0029951.jpg,BCC,0.0010023265,0.0003871085,0.9813101,0.00021119439,0.008972244,0.00027855125,0.007838515
ISIC_0030094.jpg,BCC,3.4716035e-05,0.00027282978,0.9917163,0.007754403,0.00012037591,1.9185863e-05,8.2198676e-05
ISIC_0030177.jpg,BCC,0.0012270316,0.0025477244,0.9922747,0.00012508406,0.00034596978,2.0127756e-05,0.0034594918
ISIC_0030528.jpg,BCC,0.0001699829,0.0004106314,0.98304105,0.0136020705,0.0008100407,0.00048881734,0.0014773196
ISIC_0030767.jpg,BCC,0.008858402,0.0026599597,0.7849883,0.0025731176,0.17758879,0.0003185907,0.023012916
ISIC_0030800.jpg,BCC,0.010938145,0.0033316736,0.5737362,0.12932737,0.02631257,0.2559756,0.0003784814
ISIC_0030964.jpg,BCC,0.00043845555,0.0043036747,0.8180722,0.15825097,0.004466848,0.014367503,0.00010043055
ISIC_0031007.jpg,AKIEC,0.00014780121,0.00020679488,0.00985456,0.98280656,0.006868975,2.7699343e-05,8.7523564e-05
ISIC_0031041.jpg,BCC,0.00012030005,5.890235e-06,0.9967064,0.0017775457,0.0013396642,4.369183e-05,6.6182633e-06
ISIC_0031236.jpg,BCC,0.00027286628,0.028477719,0.9639007,0.0067275553,0.00043471708,0.00014658645,3.989787e-05
ISIC_0031258.jpg,BCC,0.00018936633,0.0031108158,0.97935987,0.0022340904,0.014454606,0.00023797319,0.0004132612
ISIC_0031263.jpg,BCC,0.021431811,0.024599323,0.7785588,0.023863338,0.12795168,0.0228238,0.0007713364
ISIC_0031272.jpg,BCC,0.003198493,9.742222e-05,0.9850465,0.0010605776,0.006118279,0.00013968685,0.004338915
ISIC_0031298.jpg,BCC,0.0024881721,0.0004450145,0.9875052,0.0058891294,0.0027264745,0.000799223,0.00014668654
ISIC_0031378.jpg,BCC,0.0031032844,0.053966057,0.371546,0.09835273,0.29641086,0.16356604,0.013055047
ISIC_0031400.jpg,BCC,0.0002070394,0.00017296811,0.9982874,7.264544e-05,0.0009759519,3.929256e-05,0.00024476883
ISIC_0031442.jpg,BCC,0.21436138,0.12917547,0.47487727,0.08229031,0.08606382,0.010535779,0.002695958
ISIC_0031513.jpg,NV,0.036760308,0.6191277,0.26907003,0.0055228393,0.031211764,0.001074281,0.037233103
ISIC_0031526.jpg,NV,0.07128745,0.65638846,0.25154197,0.009744567,0.0077115907,0.00095886155,0.0023669745
ISIC_0031527.jpg,BCC,0.0001671646,0.00025400403,0.9960355,0.00075393106,0.00021122195,0.00033927898,0.0022388273
ISIC_0031925.jpg,BCC,0.00014674506,0.0005820228,0.85589606,0.13085933,0.011697613,0.0005238023,0.00029434095
ISIC_0032222.jpg,BCC,0.00014389025,0.0006891376,0.99017394,0.0028336442,0.005363102,0.00039148354,0.0004048467
ISIC_0032307.jpg,BKL,0.08509114,0.0592493,0.009478094,0.102122724,0.74016863,0.0033142818,0.00057584746
ISIC_0032384.jpg,BCC,0.0002580763,0.0006915331,0.96731466,0.024616955,0.0016320361,0.0006262065,0.0048604673
ISIC_0032415.jpg,BCC,0.0056875874,0.10616449,0.80773926,0.0057812794,0.003865253,0.022928335,0.04783389
ISIC_0032482.jpg,BCC,0.029153358,0.04033236,0.5761841,0.09485105,0.059594274,0.03296895,0.16691588
ISIC_0032611.jpg,BCC,0.004131031,0.00043932072,0.9719481,0.01300557,0.010433861,5.7615866e-06,3.650026e-05
ISIC_0032696.jpg,AKIEC,9.137906e-05,7.444029e-05,0.1987146,0.7990903,0.00057159946,0.0010679022,0.00038971525
ISIC_0032768.jpg,BCC,0.0050830333,0.09899607,0.85277313,0.015948553,0.00551148,0.017603826,0.0040839566
ISIC_0032777.jpg,VASC,0.0005113876,0.0004394922,0.3975079,0.00044371435,0.0109368265,7.170265e-06,0.59015346
ISIC_0032799.jpg,BCC,0.020819316,0.0008230415,0.8058776,0.14998558,0.009224188,0.000305042,0.012965275
ISIC_0032834.jpg,BCC,0.00023510066,0.00087533786,0.9963413,0.0007937186,0.00013985985,0.0012504882,0.0003641487
ISIC_0032850.jpg,BCC,1.4453352e-05,0.0005478858,0.9993369,5.5942946e-05,1.1642349e-05,4.0603545e-06,2.9067109e-05
ISIC_0032894.jpg,BCC,0.020428322,0.005588921,0.7640222,0.012799363,0.18599252,0.0049149026,0.006253865
ISIC_0032906.jpg,BCC,0.0043290467,0.0053191846,0.97847474,0.0003570384,0.010973923,0.0001226241,0.000423401
ISIC_0032959.jpg,BCC,0.042663716,0.08727931,0.68116975,0.0028644572,0.099341854,0.00013255754,0.08654836
ISIC_0032991.jpg,AKIEC,0.00082348875,0.010929509,0.43928093,0.49099916,0.01476954,0.035865422,0.0073318817
ISIC_0033019.jpg,BCC,0.00064615614,0.00082314777,0.73286676,0.00061389105,0.0052444073,0.00021413736,0.25959146
ISIC_0033020.jpg,BCC,8.276928e-05,0.0014920675,0.98393756,0.0011158849,0.0016730463,0.0026111598,0.009087511
ISIC_0033205.jpg,BCC,0.004088276,0.069197945,0.81969804,0.011134134,0.008334282,0.0724454,0.015101935
ISIC_0033301.jpg,BCC,0.3708938,0.06040768,0.5022738,0.014487073,0.04643274,0.0014627988,0.004042121
ISIC_0033354.jpg,BCC,4.787029e-05,5.9130583e-05,0.9994654,0.00013259376,0.00011725499,1.55684e-05,0.00016221174
ISIC_0033366.jpg,BCC,0.05972227,0.053754814,0.6536705,0.028949052,0.024659602,0.17427841,0.004965304
ISIC_0033504.jpg,BCC,0.00045363852,0.0004905841,0.9918786,0.0013804327,0.0014195497,1.1898699e-05,0.0043651876
ISIC_0033747.jpg,BCC,0.008622401,0.10534069,0.6979112,0.093071334,0.01707833,0.01136096,0.06661503
ISIC_0033979.jpg,AKIEC,0.0021847452,0.0038401387,0.3366938,0.5723613,0.07882498,0.001554505,0.004540532
ISIC_0034015.jpg,BCC,0.17067832,0.030016253,0.6647192,0.112785354,0.018677771,0.002704102,0.00041895872
ISIC_0034047.jpg,MEL,0.30342528,0.060113665,0.18062486,0.1451188,0.04068472,0.010267897,0.25976473
ISIC_0034058.jpg,BCC,0.0019697126,6.6877416e-05,0.9898851,0.0038761904,0.0031120249,6.744618e-05,0.0010226466
ISIC_0034123.jpg,BCC,0.0044519887,0.00011067876,0.90903234,0.08000309,0.004188347,0.00067327055,0.0015401576
ISIC_0034160.jpg,DF,0.21660581,0.018425664,0.014382291,0.07272499,0.051010087,0.5823522,0.04449885
ISIC_0034255.jpg,BCC,0.012484095,0.010186239,0.9656714,0.00428616,0.003375259,0.0022288237,0.0017679882
ISIC_0034306.jpg,BCC,0.024853958,0.0015680165,0.9439344,0.025696922,0.0025477053,0.00020821019,0.0011907673
ISIC_0024402.jpg,VASC,0.00104923,0.0004894933,5.3162454e-05,7.21825e-05,0.00026702677,8.475639e-05,0.9979842
ISIC_0025321.jpg,VASC,0.037047617,0.048000615,0.017102038,0.0016251171,0.103144936,0.00076722837,0.79231244
ISIC_0025578.jpg,BKL,0.27207246,0.063045554,0.25402108,0.0052233944,0.28570354,0.0020398127,0.117894135
ISIC_0025596.jpg,VASC,0.00040268802,0.0011422094,0.00025658205,2.9409073e-05,0.000432579,0.00024204292,0.9974946
ISIC_0025599.jpg,BCC,0.0035355783,0.10364351,0.6940684,0.00036364878,0.0023644208,0.0015474135,0.19447716
ISIC_0025612.jpg,VASC,0.0041460334,0.017023679,4.5856752e-05,1.6803346e-05,0.0023188915,0.0008100086,0.9756388
ISIC_0025807.jpg,VASC,0.0006853818,0.006881342,0.0004002861,0.00018213947,0.00029675788,1.3347851e-06,0.99155277
ISIC_0026163.jpg,VASC,0.0032562332,0.014650681,0.0003290704,0.000528804,0.0059868507,0.00019046913,0.97505784
ISIC_0026693.jpg,VASC,0.01721404,0.00079003035,0.0052426415,0.00019879543,0.04006051,2.105231e-05,0.93647295
ISIC_0027210.jpg,VASC,0.02678261,0.012167302,0.054155774,8.524358e-05,0.001342711,3.2563952e-05,0.9054337
ISIC_0027256.jpg,VASC,0.025241753,0.24499917,0.0021163884,0.000989572,0.17020415,0.025688859,0.5307601
ISIC_0027269.jpg,VASC,0.15553792,0.011630434,0.005018036,0.0019914533,0.010273972,8.810038e-05,0.8154601
ISIC_0027385.jpg,VASC,0.0023377882,0.002745105,0.04038132,2.111766e-05,0.00015434022,0.00013473585,0.9542256
ISIC_0027563.jpg,DF,0.028240884,0.12913471,0.015825115,0.019272031,0.30552387,0.37264577,0.12935767
ISIC_0027672.jpg,VASC,0.005020516,0.011969513,0.084109634,7.4501215e-05,0.0037448276,0.00015362301,0.8949274
ISIC_0027983.jpg,BCC,0.016850458,0.012554303,0.712518,0.004081595,0.0017871439,0.00028962927,0.2519189
ISIC_0028188.jpg,VASC,0.00050247594,0.00080904283,0.00062422483,8.34072e-06,0.00031421482,0.00017466585,0.99756706
ISIC_0029448.jpg,MEL,0.6190374,0.039731808,0.0092910575,0.00077083946,0.094596505,0.0008014449,0.23577096
ISIC_0029514.jpg,NV,0.09121026,0.3969226,0.1887963,0.00027217137,0.010745052,0.007538148,0.30451545
ISIC_0029889.jpg,VASC,0.0934968,0.040228423,0.0059361476,0.0065059285,0.0678908,0.007731819,0.77821004
ISIC_0030070.jpg,VASC,0.0120222075,0.08110885,0.030545482,0.014895014,0.019161403,0.00027764053,0.84198946
ISIC_0030882.jpg,VASC,0.010989925,0.06490369,0.017008226,0.00077850267,0.0014438303,0.00024227837,0.9046335
ISIC_0031197.jpg,VASC,0.0011157247,0.0002980352,0.005802823,0.00016032287,0.008696046,0.00011533108,0.9838118
ISIC_0031217.jpg,VASC,0.0022470276,0.04410124,0.0063024308,0.0011268773,0.004373184,0.0031711024,0.93867815
ISIC_0031346.jpg,VASC,0.0052943113,0.017652625,0.05438403,0.0011643653,0.079451464,0.0072923102,0.83476096
ISIC_0031719.jpg,MEL,0.37770545,0.35298598,0.01008081,0.01866402,0.19587062,0.0026982338,0.041994877
ISIC_0031950.jpg,VASC,0.00095952256,0.0035816375,0.009964576,0.00097484095,0.0008607907,0.00016825992,0.98349047
ISIC_0032240.jpg,VASC,0.003251952,0.0028757881,0.046449445,0.00044172755,0.00086310104,0.00024259223,0.94587535
ISIC_0033749.jpg,VASC,0.0014963183,0.011442174,0.00036075886,0.00024312266,0.0005971461,3.110895e-05,0.9858293
